77
300
240
273 606
105 1 222 289 183 190
209
168 638
207 192 474 57 141 96 259 248 430
269
258 591
80 137 164 136 94 33
271
304 577
98 432 375 481 407 438 478 13 433
239
319 459
258 11 125
166
278 367
453 62 239 449
293
278 254
279 411 278 255 189 365 197
291
392 289
126 15 210 245 437 227 295 95
228
438 253
240 59 263 157 463 249 178 351 84 497 34
420
523 287
302 299 262 24 338 328 247 293 215 66 254
330
652 315
304 199 276 167 291 182 71 270 261 339 423
214
670 401
179 429 329 7 28 170
213
691 489
469 382 119 3 44 121
317
736 514
473 285 225 455 128 401
313
800 510
384 201 191 36 330 163
235
680 317
65 61 206 272 435 27 188 319 298 175
2
799 329
377
127
614 267
56 348 74 461 48
290
520 185
93 144 149 313 130 471 117 132
378
602 166
489 490 477 414 383 349 184
2
551 6
35
100
483 133
118 235
370
399 22
186 485 398 314 200 32 150 466 212 425
222
422 142
418 359 405 409 159 58 18 233
368
451 116
60 64 296 415 417 467 294 476 173 309 443
157
676 215
488 344 19 246 388
251
734 162
238 426 234 472 340 406 441
294
731 60
281 446 133 345 22
86
777 177
43 219
147
584 277
275 320 337 21 50
293
385 233
464 99 317 282 336 315 226 387
270
254 181
379 389 496 123 306 138 55 107
246
129 198
280 346 311 341 390 45 251
240
78 119
268 158 41 156 169 232 216 324 470
227
162 33
421 372 253 37 108
186
50 141
31 12 77 408 367
285
149 252
427 284 323 54 380 38
266
48 314
498 185 312 195 129 87 243 287 385
2
181 304
483
273
40 387
308 160 131 116 356 331 448 83
272
63 527
198 355 499 82 274 90 378 91
260
24 650
399 20 454 491 224 333
203
62 764
244 113 10 413 49
284
109 540
115 395 386 445 230 484
294
113 421
16 231 286 300 78 480 70
235
219 510
444 342 14 393 371 290 322
164
202 375
397 264
108
10 532
374 416 283
67
20 366
305 479
258
173 169
487 205 63 334 39 250
248
270 119
146 500 412 460 257 451
167
340 42
214 360 269 354 204 381
431
253 354
450 326 161 228 8 88 124 104
283
387 458
221 122 145 217 140 404 101
263
546 458
114 252 168 112 143 223 171 236 109
235
493 567
154 29 23 86 17 420 277 9 92 67 462
239
473 623
364 358 187 6 350 165 394 134 458
240
426 715
102 75 335 422 465 357 85
261
348 773
410 368 267 456 419 73 321 403
264
257 716
265 366 392 482 53 181 193 176 148 391
57
179 740
135 495
242
409 703
68 452 373 475 69 166 325 127 152 361
131
387 620
89 493 30
261
490 736
155 103 310 256 42 436 25 162 297
275
566 672
369 76 439 468 180 153 208 202 242 273
262
650 692
111 47 174 363 229 327 4 213 352
273
751 564
271 431 172 440
269
755 670
343 396 209 457 81 370 52
134
693 737
376 40 353
244
675 639
139 196 402 220 218 2
226
544 695
260 424 266 79 46 459 316 211 307 486
251
474 553
120 72 362 301 151 26
300
617 557
303 203 147
263
565 415
241 237 194 288 292 494 5 492
227
590 456
428 332 177
169
455 415
318 434 442 142 447 100 400
161
371 537
51 106 97 110 347
