MOEGLICH
930

909
S [11 1] [45 2] [76 3] [77 4] [112 5] [72 6] [167 7] [175 8] [200 9] [185 10] [113 11] [186 12] [100 13] [114 14] [115 15] [275 16] [276 17] [42 18] [255 19] [302 20] [225 21] [201 22] [57 23] [19 24] [21 25] [91 26] [79 27] [260 28] [193 29] [269 30] [86 31] [73 32] [301 33] [155 34] [329 35] [259 36] [245 37] [316 38] [356 39] [195 40] [64 41] [246 42] [349 43] [219 44] [274 45] [143 46] [215 47] [224 48] [169 49] [174 50] T
901
11 12 21 [15 1] 21 12 [45 2] 47 331 79 [76 3] [77 4] 109 [112 5] 114 143 [72 6] 116 [167 7] 169 [175 8] 169 64 251 203 [200 9] 113 [185 10] [113 11] 185 [186 12] 169 64 251 [100 13] 195 254 143 [114 14] 112 [115 15] 225 302 79 76 78 187 277 [275 16] [276 17] [42 18] 274 201 [255 19] 201 115 225 [302 20] [225 21] 115 [201 22] 115 112 114 [57 23] 322 [19 24] 15 [21 25] 12 160 206 207 [91 26] 172 173 302 [79 27] 302 173 224 96 200 203 [260 28] 203 251 246 [193 29] 85 84 86 [269 30] [86 31] 269 182 39 183 [73 32] [301 33] 85 193 256 [155 34] 275 2 231 305 [329 35] 53 [259 36] 257 258 214 93 [245 37] 243 244 233 [316 38] 339 [356 39] 339 316 194 191 [195 40] 100 251 [64 41] 251 [246 42] 251 64 169 167 110 219 [349 43] [219 44] 110 167 116 112 114 143 [274 45] [143 46] 274 42 292 [215 47] 292 42 274 143 114 112 115 225 302 173 [224 48] 173 162 271 18 [273 49] 18 271 162 235 [336 50] T
912
45 49 279 227 209 43 [40 2] 43 115 225 302 79 [76 3] [77 4] 109 [112 5] 114 143 [72 6] 116 [167 7] 169 [175 8] 169 64 251 203 [200 9] 113 [185 10] [113 11] 185 [186 12] 169 64 251 [100 13] 195 254 143 [114 14] 112 [115 15] 225 302 79 76 78 187 277 [275 16] [276 17] [42 18] 274 201 [255 19] 201 115 225 [302 20] [225 21] 115 [201 22] 115 112 114 [57 23] 322 [19 24] 15 [21 25] 12 160 206 207 [91 26] 172 173 302 [79 27] 302 173 224 96 200 203 [260 28] 203 251 246 [193 29] 85 84 86 [269 30] [86 31] 269 182 39 183 [73 32] [301 33] 85 193 256 [155 34] 275 2 231 305 [329 35] 53 [259 36] 257 258 214 93 [245 37] 243 244 233 [316 38] 339 [356 39] 339 316 194 191 [195 40] 100 251 [64 41] 251 [246 42] 251 64 169 167 110 219 [349 43] [219 44] 110 167 116 112 114 143 [274 45] [143 46] 274 42 292 [215 47] 292 42 274 143 114 112 115 225 302 173 [224 48] 173 162 271 18 [273 49] 18 271 162 235 [336 50] T
929
76 78 187 73 [71 3] 73 187 78 76 [77 4] 109 [112 5] 114 143 [72 6] 116 [167 7] 169 [175 8] 169 64 251 203 [200 9] 113 [185 10] [113 11] 185 [186 12] 169 64 251 [100 13] 195 254 143 [114 14] 112 [115 15] 225 302 79 76 78 187 277 [275 16] [276 17] [42 18] 274 201 [255 19] 201 115 225 [302 20] [225 21] 115 [201 22] 115 112 114 [57 23] 322 [19 24] 15 [21 25] 12 160 206 207 [91 26] 172 173 302 [79 27] 302 173 224 96 200 203 [260 28] 203 251 246 [193 29] 85 84 86 [269 30] [86 31] 269 182 39 183 [73 32] [301 33] 85 193 256 [155 34] 275 2 231 305 [329 35] 53 [259 36] 257 258 214 93 [245 37] 243 244 233 [316 38] 339 [356 39] 339 316 194 191 [195 40] 100 251 [64 41] 251 [246 42] 251 64 169 167 110 219 [349 43] [219 44] 110 167 116 112 114 143 [274 45] [143 46] 274 42 292 [215 47] 292 42 274 143 114 112 115 225 302 173 [224 48] 173 162 271 18 [273 49] 18 271 162 235 [336 50] T
918
77 76 79 302 173 172 91 [89 4] 91 207 114 [112 5] 114 143 [72 6] 116 [167 7] 169 [175 8] 169 64 251 203 [200 9] 113 [185 10] [113 11] 185 [186 12] 169 64 251 [100 13] 195 254 143 [114 14] 112 [115 15] 225 302 79 76 78 187 277 [275 16] [276 17] [42 18] 274 201 [255 19] 201 115 225 [302 20] [225 21] 115 [201 22] 115 112 114 [57 23] 322 [19 24] 15 [21 25] 12 160 206 207 [91 26] 172 173 302 [79 27] 302 173 224 96 200 203 [260 28] 203 251 246 [193 29] 85 84 86 [269 30] [86 31] 269 182 39 183 [73 32] [301 33] 85 193 256 [155 34] 275 2 231 305 [329 35] 53 [259 36] 257 258 214 93 [245 37] 243 244 233 [316 38] 339 [356 39] 339 316 194 191 [195 40] 100 251 [64 41] 251 [246 42] 251 64 169 167 110 219 [349 43] [219 44] 110 167 116 112 114 143 [274 45] [143 46] 274 42 292 [215 47] 292 42 274 143 114 112 115 225 302 173 [224 48] 173 162 271 18 [273 49] 18 271 162 235 [336 50] T
920
112 117 81 [123 5] 124 171 131 [1 6] [131 7] 1 132 193 246 251 64 169 [175 8] 169 64 251 203 [200 9] 113 [185 10] [113 11] 185 [186 12] 169 64 251 [100 13] 195 254 143 [114 14] 112 [115 15] 225 302 79 76 78 187 277 [275 16] [276 17] [42 18] 274 201 [255 19] 201 115 225 [302 20] [225 21] 115 [201 22] 115 112 114 [57 23] 322 [19 24] 15 [21 25] 12 160 206 207 [91 26] 172 173 302 [79 27] 302 173 224 96 200 203 [260 28] 203 251 246 [193 29] 85 84 86 [269 30] [86 31] 269 182 39 183 [73 32] [301 33] 85 193 256 [155 34] 275 2 231 305 [329 35] 53 [259 36] 257 258 214 93 [245 37] 243 244 233 [316 38] 339 [356 39] 339 316 194 191 [195 40] 100 251 [64 41] 251 [246 42] 251 64 169 167 110 219 [349 43] [219 44] 110 167 116 112 114 143 [274 45] [143 46] 274 42 292 [215 47] 292 42 274 143 114 112 115 225 302 173 [224 48] 173 162 271 18 [273 49] 18 271 162 235 [336 50] T
920
72 142 157 156 131 [1 6] [131 7] 1 132 193 246 251 64 169 [175 8] 169 64 251 203 [200 9] 113 [185 10] [113 11] 185 [186 12] 169 64 251 [100 13] 195 254 143 [114 14] 112 [115 15] 225 302 79 76 78 187 277 [275 16] [276 17] [42 18] 274 201 [255 19] 201 115 225 [302 20] [225 21] 115 [201 22] 115 112 114 [57 23] 322 [19 24] 15 [21 25] 12 160 206 207 [91 26] 172 173 302 [79 27] 302 173 224 96 200 203 [260 28] 203 251 246 [193 29] 85 84 86 [269 30] [86 31] 269 182 39 183 [73 32] [301 33] 85 193 256 [155 34] 275 2 231 305 [329 35] 53 [259 36] 257 258 214 93 [245 37] 243 244 233 [316 38] 339 [356 39] 339 316 194 191 [195 40] 100 251 [64 41] 251 [246 42] 251 64 169 167 110 219 [349 43] [219 44] 110 167 116 112 114 143 [274 45] [143 46] 274 42 292 [215 47] 292 42 274 143 114 112 115 225 302 173 [224 48] 173 162 271 18 [273 49] 18 271 162 235 [336 50] T
908
167 110 62 111 [161 7] 162 173 [172 8] 173 224 96 [200 9] 113 [185 10] [113 11] 185 [186 12] 169 64 251 [100 13] 195 254 143 [114 14] 112 [115 15] 225 302 79 76 78 187 277 [275 16] [276 17] [42 18] 274 201 [255 19] 201 115 225 [302 20] [225 21] 115 [201 22] 115 112 114 [57 23] 322 [19 24] 15 [21 25] 12 160 206 207 [91 26] 172 173 302 [79 27] 302 173 224 96 200 203 [260 28] 203 251 246 [193 29] 85 84 86 [269 30] [86 31] 269 182 39 183 [73 32] [301 33] 85 193 256 [155 34] 275 2 231 305 [329 35] 53 [259 36] 257 258 214 93 [245 37] 243 244 233 [316 38] 339 [356 39] 339 316 194 191 [195 40] 100 251 [64 41] 251 [246 42] 251 64 169 167 110 219 [349 43] [219 44] 110 167 116 112 114 143 [274 45] [143 46] 274 42 292 [215 47] 292 42 274 143 114 112 115 225 302 173 [224 48] 173 162 271 18 [273 49] 18 271 162 235 [336 50] T
898
175 169 186 185 [184 8] 185 113 [200 9] 113 [185 10] [113 11] 185 [186 12] 169 64 251 [100 13] 195 254 143 [114 14] 112 [115 15] 225 302 79 76 78 187 277 [275 16] [276 17] [42 18] 274 201 [255 19] 201 115 225 [302 20] [225 21] 115 [201 22] 115 112 114 [57 23] 322 [19 24] 15 [21 25] 12 160 206 207 [91 26] 172 173 302 [79 27] 302 173 224 96 200 203 [260 28] 203 251 246 [193 29] 85 84 86 [269 30] [86 31] 269 182 39 183 [73 32] [301 33] 85 193 256 [155 34] 275 2 231 305 [329 35] 53 [259 36] 257 258 214 93 [245 37] 243 244 233 [316 38] 339 [356 39] 339 316 194 191 [195 40] 100 251 [64 41] 251 [246 42] 251 64 169 167 110 219 [349 43] [219 44] 110 167 116 112 114 143 [274 45] [143 46] 274 42 292 [215 47] 292 42 274 143 114 112 115 225 302 173 [224 48] 173 162 271 18 [273 49] 18 271 162 235 [336 50] T
898
200 203 251 246 193 [191 9] 193 246 251 64 169 186 [185 10] [113 11] 185 [186 12] 169 64 251 [100 13] 195 254 143 [114 14] 112 [115 15] 225 302 79 76 78 187 277 [275 16] [276 17] [42 18] 274 201 [255 19] 201 115 225 [302 20] [225 21] 115 [201 22] 115 112 114 [57 23] 322 [19 24] 15 [21 25] 12 160 206 207 [91 26] 172 173 302 [79 27] 302 173 224 96 200 203 [260 28] 203 251 246 [193 29] 85 84 86 [269 30] [86 31] 269 182 39 183 [73 32] [301 33] 85 193 256 [155 34] 275 2 231 305 [329 35] 53 [259 36] 257 258 214 93 [245 37] 243 244 233 [316 38] 339 [356 39] 339 316 194 191 [195 40] 100 251 [64 41] 251 [246 42] 251 64 169 167 110 219 [349 43] [219 44] 110 167 116 112 114 143 [274 45] [143 46] 274 42 292 [215 47] 292 42 274 143 114 112 115 225 302 173 [224 48] 173 162 271 18 [273 49] 18 271 162 235 [336 50] T
907
185 186 169 167 [110 10] 167 169 186 185 [113 11] 185 [186 12] 169 64 251 [100 13] 195 254 143 [114 14] 112 [115 15] 225 302 79 76 78 187 277 [275 16] [276 17] [42 18] 274 201 [255 19] 201 115 225 [302 20] [225 21] 115 [201 22] 115 112 114 [57 23] 322 [19 24] 15 [21 25] 12 160 206 207 [91 26] 172 173 302 [79 27] 302 173 224 96 200 203 [260 28] 203 251 246 [193 29] 85 84 86 [269 30] [86 31] 269 182 39 183 [73 32] [301 33] 85 193 256 [155 34] 275 2 231 305 [329 35] 53 [259 36] 257 258 214 93 [245 37] 243 244 233 [316 38] 339 [356 39] 339 316 194 191 [195 40] 100 251 [64 41] 251 [246 42] 251 64 169 167 110 219 [349 43] [219 44] 110 167 116 112 114 143 [274 45] [143 46] 274 42 292 [215 47] 292 42 274 143 114 112 115 225 302 173 [224 48] 173 162 271 18 [273 49] 18 271 162 235 [336 50] T
915
113 185 163 154 [220 11] 154 163 185 [186 12] 169 64 251 [100 13] 195 254 143 [114 14] 112 [115 15] 225 302 79 76 78 187 277 [275 16] [276 17] [42 18] 274 201 [255 19] 201 115 225 [302 20] [225 21] 115 [201 22] 115 112 114 [57 23] 322 [19 24] 15 [21 25] 12 160 206 207 [91 26] 172 173 302 [79 27] 302 173 224 96 200 203 [260 28] 203 251 246 [193 29] 85 84 86 [269 30] [86 31] 269 182 39 183 [73 32] [301 33] 85 193 256 [155 34] 275 2 231 305 [329 35] 53 [259 36] 257 258 214 93 [245 37] 243 244 233 [316 38] 339 [356 39] 339 316 194 191 [195 40] 100 251 [64 41] 251 [246 42] 251 64 169 167 110 219 [349 43] [219 44] 110 167 116 112 114 143 [274 45] [143 46] 274 42 292 [215 47] 292 42 274 143 114 112 115 225 302 173 [224 48] 173 162 271 18 [273 49] 18 271 162 235 [336 50] T
914
186 59 [241 12] 7 245 [243 13] 246 193 256 [6 14] 256 155 153 [154 15] 153 155 [275 16] [276 17] [42 18] 274 201 [255 19] 201 115 225 [302 20] [225 21] 115 [201 22] 115 112 114 [57 23] 322 [19 24] 15 [21 25] 12 160 206 207 [91 26] 172 173 302 [79 27] 302 173 224 96 200 203 [260 28] 203 251 246 [193 29] 85 84 86 [269 30] [86 31] 269 182 39 183 [73 32] [301 33] 85 193 256 [155 34] 275 2 231 305 [329 35] 53 [259 36] 257 258 214 93 [245 37] 243 244 233 [316 38] 339 [356 39] 339 316 194 191 [195 40] 100 251 [64 41] 251 [246 42] 251 64 169 167 110 219 [349 43] [219 44] 110 167 116 112 114 143 [274 45] [143 46] 274 42 292 [215 47] 292 42 274 143 114 112 115 225 302 173 [224 48] 173 162 271 18 [273 49] 18 271 162 235 [336 50] T
893
100 251 246 [243 13] 246 193 256 [6 14] 256 155 153 [154 15] 153 155 [275 16] [276 17] [42 18] 274 201 [255 19] 201 115 225 [302 20] [225 21] 115 [201 22] 115 112 114 [57 23] 322 [19 24] 15 [21 25] 12 160 206 207 [91 26] 172 173 302 [79 27] 302 173 224 96 200 203 [260 28] 203 251 246 [193 29] 85 84 86 [269 30] [86 31] 269 182 39 183 [73 32] [301 33] 85 193 256 [155 34] 275 2 231 305 [329 35] 53 [259 36] 257 258 214 93 [245 37] 243 244 233 [316 38] 339 [356 39] 339 316 194 191 [195 40] 100 251 [64 41] 251 [246 42] 251 64 169 167 110 219 [349 43] [219 44] 110 167 116 112 114 143 [274 45] [143 46] 274 42 292 [215 47] 292 42 274 143 114 112 115 225 302 173 [224 48] 173 162 271 18 [273 49] 18 271 162 235 [336 50] T
899
114 143 254 195 8 [6 14] 256 155 153 [154 15] 153 155 [275 16] [276 17] [42 18] 274 201 [255 19] 201 115 225 [302 20] [225 21] 115 [201 22] 115 112 114 [57 23] 322 [19 24] 15 [21 25] 12 160 206 207 [91 26] 172 173 302 [79 27] 302 173 224 96 200 203 [260 28] 203 251 246 [193 29] 85 84 86 [269 30] [86 31] 269 182 39 183 [73 32] [301 33] 85 193 256 [155 34] 275 2 231 305 [329 35] 53 [259 36] 257 258 214 93 [245 37] 243 244 233 [316 38] 339 [356 39] 339 316 194 191 [195 40] 100 251 [64 41] 251 [246 42] 251 64 169 167 110 219 [349 43] [219 44] 110 167 116 112 114 143 [274 45] [143 46] 274 42 292 [215 47] 292 42 274 143 114 112 115 225 302 173 [224 48] 173 162 271 18 [273 49] 18 271 162 235 [336 50] T
880
115 225 302 79 223 222 68 163 [154 15] 153 155 [275 16] [276 17] [42 18] 274 201 [255 19] 201 115 225 [302 20] [225 21] 115 [201 22] 115 112 114 [57 23] 322 [19 24] 15 [21 25] 12 160 206 207 [91 26] 172 173 302 [79 27] 302 173 224 96 200 203 [260 28] 203 251 246 [193 29] 85 84 86 [269 30] [86 31] 269 182 39 183 [73 32] [301 33] 85 193 256 [155 34] 275 2 231 305 [329 35] 53 [259 36] 257 258 214 93 [245 37] 243 244 233 [316 38] 339 [356 39] 339 316 194 191 [195 40] 100 251 [64 41] 251 [246 42] 251 64 169 167 110 219 [349 43] [219 44] 110 167 116 112 114 143 [274 45] [143 46] 274 42 292 [215 47] 292 42 274 143 114 112 115 225 302 173 [224 48] 173 162 271 18 [273 49] 18 271 162 235 [336 50] T
897
275 155 [280 16] 155 275 [276 17] [42 18] 274 201 [255 19] 201 115 225 [302 20] [225 21] 115 [201 22] 115 112 114 [57 23] 322 [19 24] 15 [21 25] 12 160 206 207 [91 26] 172 173 302 [79 27] 302 173 224 96 200 203 [260 28] 203 251 246 [193 29] 85 84 86 [269 30] [86 31] 269 182 39 183 [73 32] [301 33] 85 193 256 [155 34] 275 2 231 305 [329 35] 53 [259 36] 257 258 214 93 [245 37] 243 244 233 [316 38] 339 [356 39] 339 316 194 191 [195 40] 100 251 [64 41] 251 [246 42] 251 64 169 167 110 219 [349 43] [219 44] 110 167 116 112 114 143 [274 45] [143 46] 274 42 292 [215 47] 292 42 274 143 114 112 115 225 302 173 [224 48] 173 162 271 18 [273 49] 18 271 162 235 [336 50] T
926
276 8 5 [7 17] 245 243 246 193 85 294 [293 18] 294 [85 19] 84 [83 20] 217 180 [149 21] 263 [319 22] [263 23] [318 24] 326 43 [330 25] 43 40 42 274 143 [254 26] 143 114 112 115 225 302 [79 27] 302 173 224 96 200 203 [260 28] 203 251 246 [193 29] 85 84 86 [269 30] [86 31] 269 182 39 183 [73 32] [301 33] 85 193 256 [155 34] 275 2 231 305 [329 35] 53 [259 36] 257 258 214 93 [245 37] 243 244 233 [316 38] 339 [356 39] 339 316 194 191 [195 40] 100 251 [64 41] 251 [246 42] 251 64 169 167 110 219 [349 43] [219 44] 110 167 116 112 114 143 [274 45] [143 46] 274 42 292 [215 47] 292 42 274 143 114 112 115 225 302 173 [224 48] 173 162 271 18 [273 49] 18 271 162 235 [336 50] T
887
42 40 43 209 227 [293 18] 294 [85 19] 84 [83 20] 217 180 [149 21] 263 [319 22] [263 23] [318 24] 326 43 [330 25] 43 40 42 274 143 [254 26] 143 114 112 115 225 302 [79 27] 302 173 224 96 200 203 [260 28] 203 251 246 [193 29] 85 84 86 [269 30] [86 31] 269 182 39 183 [73 32] [301 33] 85 193 256 [155 34] 275 2 231 305 [329 35] 53 [259 36] 257 258 214 93 [245 37] 243 244 233 [316 38] 339 [356 39] 339 316 194 191 [195 40] 100 251 [64 41] 251 [246 42] 251 64 169 167 110 219 [349 43] [219 44] 110 167 116 112 114 143 [274 45] [143 46] 274 42 292 [215 47] 292 42 274 143 114 112 115 225 302 173 [224 48] 173 162 271 18 [273 49] 18 271 162 235 [336 50] T
899
255 201 200 203 251 246 193 [85 19] 84 [83 20] 217 180 [149 21] 263 [319 22] [263 23] [318 24] 326 43 [330 25] 43 40 42 274 143 [254 26] 143 114 112 115 225 302 [79 27] 302 173 224 96 200 203 [260 28] 203 251 246 [193 29] 85 84 86 [269 30] [86 31] 269 182 39 183 [73 32] [301 33] 85 193 256 [155 34] 275 2 231 305 [329 35] 53 [259 36] 257 258 214 93 [245 37] 243 244 233 [316 38] 339 [356 39] 339 316 194 191 [195 40] 100 251 [64 41] 251 [246 42] 251 64 169 167 110 219 [349 43] [219 44] 110 167 116 112 114 143 [274 45] [143 46] 274 42 292 [215 47] 292 42 274 143 114 112 115 225 302 173 [224 48] 173 162 271 18 [273 49] 18 271 162 235 [336 50] T
906
302 79 223 269 86 84 [83 20] 217 180 [149 21] 263 [319 22] [263 23] [318 24] 326 43 [330 25] 43 40 42 274 143 [254 26] 143 114 112 115 225 302 [79 27] 302 173 224 96 200 203 [260 28] 203 251 246 [193 29] 85 84 86 [269 30] [86 31] 269 182 39 183 [73 32] [301 33] 85 193 256 [155 34] 275 2 231 305 [329 35] 53 [259 36] 257 258 214 93 [245 37] 243 244 233 [316 38] 339 [356 39] 339 316 194 191 [195 40] 100 251 [64 41] 251 [246 42] 251 64 169 167 110 219 [349 43] [219 44] 110 167 116 112 114 143 [274 45] [143 46] 274 42 292 [215 47] 292 42 274 143 114 112 115 225 302 173 [224 48] 173 162 271 18 [273 49] 18 271 162 235 [336 50] T
896
225 302 79 331 310 [149 21] 263 [319 22] [263 23] [318 24] 326 43 [330 25] 43 40 42 274 143 [254 26] 143 114 112 115 225 302 [79 27] 302 173 224 96 200 203 [260 28] 203 251 246 [193 29] 85 84 86 [269 30] [86 31] 269 182 39 183 [73 32] [301 33] 85 193 256 [155 34] 275 2 231 305 [329 35] 53 [259 36] 257 258 214 93 [245 37] 243 244 233 [316 38] 339 [356 39] 339 316 194 191 [195 40] 100 251 [64 41] 251 [246 42] 251 64 169 167 110 219 [349 43] [219 44] 110 167 116 112 114 143 [274 45] [143 46] 274 42 292 [215 47] 292 42 274 143 114 112 115 225 302 173 [224 48] 173 162 271 18 [273 49] 18 271 162 235 [336 50] T
904
201 200 203 251 246 243 244 [233 22] 244 243 245 7 289 [57 23] 322 [19 24] 15 [21 25] 12 160 206 207 [91 26] 172 173 302 [79 27] 302 173 224 96 200 203 [260 28] 203 251 246 [193 29] 85 84 86 [269 30] [86 31] 269 182 39 183 [73 32] [301 33] 85 193 256 [155 34] 275 2 231 305 [329 35] 53 [259 36] 257 258 214 93 [245 37] 243 244 233 [316 38] 339 [356 39] 339 316 194 191 [195 40] 100 251 [64 41] 251 [246 42] 251 64 169 167 110 219 [349 43] [219 44] 110 167 116 112 114 143 [274 45] [143 46] 274 42 292 [215 47] 292 42 274 143 114 112 115 225 302 173 [224 48] 173 162 271 18 [273 49] 18 271 162 235 [336 50] T
912
57 114 112 [109 23] 77 76 79 302 [173 24] 224 96 200 202 [37 25] [202 26] 200 96 224 173 302 [79 27] 302 173 224 96 200 203 [260 28] 203 251 246 [193 29] 85 84 86 [269 30] [86 31] 269 182 39 183 [73 32] [301 33] 85 193 256 [155 34] 275 2 231 305 [329 35] 53 [259 36] 257 258 214 93 [245 37] 243 244 233 [316 38] 339 [356 39] 339 316 194 191 [195 40] 100 251 [64 41] 251 [246 42] 251 64 169 167 110 219 [349 43] [219 44] 110 167 116 112 114 143 [274 45] [143 46] 274 42 292 [215 47] 292 42 274 143 114 112 115 225 302 173 [224 48] 173 162 271 18 [273 49] 18 271 162 235 [336 50] T
894
19 322 [173 24] 224 96 200 202 [37 25] [202 26] 200 96 224 173 302 [79 27] 302 173 224 96 200 203 [260 28] 203 251 246 [193 29] 85 84 86 [269 30] [86 31] 269 182 39 183 [73 32] [301 33] 85 193 256 [155 34] 275 2 231 305 [329 35] 53 [259 36] 257 258 214 93 [245 37] 243 244 233 [316 38] 339 [356 39] 339 316 194 191 [195 40] 100 251 [64 41] 251 [246 42] 251 64 169 167 110 219 [349 43] [219 44] 110 167 116 112 114 143 [274 45] [143 46] 274 42 292 [215 47] 292 42 274 143 114 112 115 225 302 173 [224 48] 173 162 271 18 [273 49] 18 271 162 235 [336 50] T
899
21 15 10 [264 25] 10 5 8 195 [254 26] 143 114 112 115 225 302 [79 27] 302 173 224 96 200 203 [260 28] 203 251 246 [193 29] 85 84 86 [269 30] [86 31] 269 182 39 183 [73 32] [301 33] 85 193 256 [155 34] 275 2 231 305 [329 35] 53 [259 36] 257 258 214 93 [245 37] 243 244 233 [316 38] 339 [356 39] 339 316 194 191 [195 40] 100 251 [64 41] 251 [246 42] 251 64 169 167 110 219 [349 43] [219 44] 110 167 116 112 114 143 [274 45] [143 46] 274 42 292 [215 47] 292 42 274 143 114 112 115 225 302 173 [224 48] 173 162 271 18 [273 49] 18 271 162 235 [336 50] T
899
91 172 173 224 96 200 203 [251 26] 246 243 245 [311 27] 245 243 246 251 203 [260 28] 203 251 246 [193 29] 85 84 86 [269 30] [86 31] 269 182 39 183 [73 32] [301 33] 85 193 256 [155 34] 275 2 231 305 [329 35] 53 [259 36] 257 258 214 93 [245 37] 243 244 233 [316 38] 339 [356 39] 339 316 194 191 [195 40] 100 251 [64 41] 251 [246 42] 251 64 169 167 110 219 [349 43] [219 44] 110 167 116 112 114 143 [274 45] [143 46] 274 42 292 [215 47] 292 42 274 143 114 112 115 225 302 173 [224 48] 173 162 271 18 [273 49] 18 271 162 235 [336 50] T
885
79 [331 27] 79 302 173 224 96 200 203 [260 28] 203 251 246 [193 29] 85 84 86 [269 30] [86 31] 269 182 39 183 [73 32] [301 33] 85 193 256 [155 34] 275 2 231 305 [329 35] 53 [259 36] 257 258 214 93 [245 37] 243 244 233 [316 38] 339 [356 39] 339 316 194 191 [195 40] 100 251 [64 41] 251 [246 42] 251 64 169 167 110 219 [349 43] [219 44] 110 167 116 112 114 143 [274 45] [143 46] 274 42 292 [215 47] 292 42 274 143 114 112 115 225 302 173 [224 48] 173 162 271 18 [273 49] 18 271 162 235 [336 50] T
895
260 339 316 [305 28] 316 194 191 [193 29] 85 84 86 [269 30] [86 31] 269 182 39 183 [73 32] [301 33] 85 193 256 [155 34] 275 2 231 305 [329 35] 53 [259 36] 257 258 214 93 [245 37] 243 244 233 [316 38] 339 [356 39] 339 316 194 191 [195 40] 100 251 [64 41] 251 [246 42] 251 64 169 167 110 219 [349 43] [219 44] 110 167 116 112 114 143 [274 45] [143 46] 274 42 292 [215 47] 292 42 274 143 114 112 115 225 302 173 [224 48] 173 162 271 18 [273 49] 18 271 162 235 [336 50] T
887
193 191 194 316 [315 29] 316 339 260 [234 30] 260 [203 31] 200 96 94 [47 32] 331 79 223 [22 33] 223 222 [207 34] 206 [160 35] 342 176 187 [277 36] 187 [176 37] 246 193 191 194 [316 38] 339 [356 39] 339 316 194 191 [195 40] 100 251 [64 41] 251 [246 42] 251 64 169 167 110 219 [349 43] [219 44] 110 167 116 112 114 143 [274 45] [143 46] 274 42 292 [215 47] 292 42 274 143 114 112 115 225 302 173 [224 48] 173 162 271 18 [273 49] 18 271 162 235 [336 50] T
905
269 86 200 203 260 [234 30] 260 [203 31] 200 96 94 [47 32] 331 79 223 [22 33] 223 222 [207 34] 206 [160 35] 342 176 187 [277 36] 187 [176 37] 246 193 191 194 [316 38] 339 [356 39] 339 316 194 191 [195 40] 100 251 [64 41] 251 [246 42] 251 64 169 167 110 219 [349 43] [219 44] 110 167 116 112 114 143 [274 45] [143 46] 274 42 292 [215 47] 292 42 274 143 114 112 115 225 302 173 [224 48] 173 162 271 18 [273 49] 18 271 162 235 [336 50] T
887
86 269 182 39 183 21 [145 31] 21 183 [73 32] [301 33] 85 193 256 [155 34] 275 2 231 305 [329 35] 53 [259 36] 257 258 214 93 [245 37] 243 244 233 [316 38] 339 [356 39] 339 316 194 191 [195 40] 100 251 [64 41] 251 [246 42] 251 64 169 167 110 219 [349 43] [219 44] 110 167 116 112 114 143 [274 45] [143 46] 274 42 292 [215 47] 292 42 274 143 114 112 115 225 302 173 [224 48] 173 162 271 18 [273 49] 18 271 162 235 [336 50] T
920
73 183 136 [47 32] 331 79 223 [22 33] 223 222 [207 34] 206 [160 35] 342 176 187 [277 36] 187 [176 37] 246 193 191 194 [316 38] 339 [356 39] 339 316 194 191 [195 40] 100 251 [64 41] 251 [246 42] 251 64 169 167 110 219 [349 43] [219 44] 110 167 116 112 114 143 [274 45] [143 46] 274 42 292 [215 47] 292 42 274 143 114 112 115 225 302 173 [224 48] 173 162 271 18 [273 49] 18 271 162 235 [336 50] T
893
301 85 84 86 269 223 [22 33] 223 222 [207 34] 206 [160 35] 342 176 187 [277 36] 187 [176 37] 246 193 191 194 [316 38] 339 [356 39] 339 316 194 191 [195 40] 100 251 [64 41] 251 [246 42] 251 64 169 167 110 219 [349 43] [219 44] 110 167 116 112 114 143 [274 45] [143 46] 274 42 292 [215 47] 292 42 274 143 114 112 115 225 302 173 [224 48] 173 162 271 18 [273 49] 18 271 162 235 [336 50] T
892
155 280 281 [207 34] 206 [160 35] 342 176 187 [277 36] 187 [176 37] 246 193 191 194 [316 38] 339 [356 39] 339 316 194 191 [195 40] 100 251 [64 41] 251 [246 42] 251 64 169 167 110 219 [349 43] [219 44] 110 167 116 112 114 143 [274 45] [143 46] 274 42 292 [215 47] 292 42 274 143 114 112 115 225 302 173 [224 48] 173 162 271 18 [273 49] 18 271 162 235 [336 50] T
914
329 53 259 47 [136 35] 183 39 182 269 [223 36] 79 76 78 187 [176 37] 246 193 191 194 [316 38] 339 [356 39] 339 316 194 191 [195 40] 100 251 [64 41] 251 [246 42] 251 64 169 167 110 219 [349 43] [219 44] 110 167 116 112 114 143 [274 45] [143 46] 274 42 292 [215 47] 292 42 274 143 114 112 115 225 302 173 [224 48] 173 162 271 18 [273 49] 18 271 162 235 [336 50] T
894
259 142 235 [162 36] 235 232 233 244 243 [245 37] 243 244 233 [316 38] 339 [356 39] 339 316 194 191 [195 40] 100 251 [64 41] 251 [246 42] 251 64 169 167 110 219 [349 43] [219 44] 110 167 116 112 114 143 [274 45] [143 46] 274 42 292 [215 47] 292 42 274 143 114 112 115 225 302 173 [224 48] 173 162 271 18 [273 49] 18 271 162 235 [336 50] T
904
245 243 246 [176 37] 246 193 191 194 [316 38] 339 [356 39] 339 316 194 191 [195 40] 100 251 [64 41] 251 [246 42] 251 64 169 167 110 219 [349 43] [219 44] 110 167 116 112 114 143 [274 45] [143 46] 274 42 292 [215 47] 292 42 274 143 114 112 115 225 302 173 [224 48] 173 162 271 18 [273 49] 18 271 162 235 [336 50] T
917
316 305 231 2 275 155 153 154 [163 38] 354 [355 39] 354 163 154 [267 40] 154 163 185 186 169 [64 41] 251 [246 42] 251 64 169 167 110 219 [349 43] [219 44] 110 167 116 112 114 143 [274 45] [143 46] 274 42 292 [215 47] 292 42 274 143 114 112 115 225 302 173 [224 48] 173 162 271 18 [273 49] 18 271 162 235 [336 50] T
930
356 231 2 275 155 280 281 [240 39] 281 280 155 153 154 [267 40] 154 163 185 186 169 [64 41] 251 [246 42] 251 64 169 167 110 219 [349 43] [219 44] 110 167 116 112 114 143 [274 45] [143 46] 274 42 292 [215 47] 292 42 274 143 114 112 115 225 302 173 [224 48] 173 162 271 18 [273 49] 18 271 162 235 [336 50] T
909
195 254 143 274 42 [292 40] 42 274 143 114 260 203 251 [64 41] 251 [246 42] 251 64 169 167 110 219 [349 43] [219 44] 110 167 116 112 114 143 [274 45] [143 46] 274 42 292 [215 47] 292 42 274 143 114 112 115 225 302 173 [224 48] 173 162 271 18 [273 49] 18 271 162 235 [336 50] T
901
64 251 203 200 [158 41] 200 203 251 [246 42] 251 64 169 167 110 219 [349 43] [219 44] 110 167 116 112 114 143 [274 45] [143 46] 274 42 292 [215 47] 292 42 274 143 114 112 115 225 302 173 [224 48] 173 162 271 18 [273 49] 18 271 162 235 [336 50] T
901
246 243 244 248 330 [43 42] 40 [44 43] 40 42 274 143 114 112 117 [333 44] 117 112 114 143 [274 45] [143 46] 274 42 292 [215 47] 292 42 274 143 114 112 115 225 302 173 [224 48] 173 162 271 18 [273 49] 18 271 162 235 [336 50] T
914
349 219 110 167 169 64 251 203 260 [339 43] 260 203 200 158 [333 44] 117 112 114 143 [274 45] [143 46] 274 42 292 [215 47] 292 42 274 143 114 112 115 225 302 173 [224 48] 173 162 271 18 [273 49] 18 271 162 235 [336 50] T
889
219 110 167 116 112 117 [333 44] 117 112 114 143 [274 45] [143 46] 274 42 292 [215 47] 292 42 274 143 114 112 115 225 302 173 [224 48] 173 162 271 18 [273 49] 18 271 162 235 [336 50] T
893
274 143 254 [321 45] 254 [143 46] 274 42 292 [215 47] 292 42 274 143 114 112 115 225 302 173 [224 48] 173 162 271 18 [273 49] 18 271 162 235 [336 50] T
911
143 114 112 115 201 255 [147 46] 255 299 223 222 [68 47] 222 223 79 302 173 [224 48] 173 162 271 18 [273 49] 18 271 162 235 [336 50] T
903
215 292 42 40 43 67 [68 47] 222 223 79 302 173 [224 48] 173 162 271 18 [273 49] 18 271 162 235 [336 50] T
899
224 [120 48] 176 175 [169 49] 64 251 203 200 96 224 173 162 235 [336 50] T
906
169 64 251 246 243 245 [93 49] 245 243 244 233 232 235 [336 50] T
909
174 172 173 162 235 [336 50] T
