602
300
219
971 1973
4986 4297 1 3872 4558 1896 3628
286
1083 1907
1115 3616 4416 773 641 1371 3029 1673 325 1987
402
1100 1979
4784 3605 4100 3767 578 3805 3923 3645 4235 3337 3540 4188
199
978 1904
2079 4146 1030 2139 4300 2184 350 4932 1231 4359 2278
315
1025 1819
2659 1018 616 4177 1636 4994 1445 1560 4340 994 775 4579 2036
230
935 1721
4090 61 1148 1078 1664 245 3407 1071
35
828 1765
400 2059 1875
169
800 1866
4041 3279
347
674 1892
1215 3195 1144 3247 4386 4941 3968 2799 3585 2085 673 2612 109 4263
408
707 1988
111 1574 1257 4927 290 3479 4113 1646 3866 4175
227
620 1889
4690 547 3344 4477 168 2923 711 3831 2250 271
296
656 1845
1279 2510 4208 3848 3925 4036 332
286
725 1780
3456 1628 1567 2808 3860 138 1521 4668 4890
243
694 1834
852 842 3293 2227 2170 4608 1556
74
642 1960
1723 17 1276
392
751 1882
3499 2973 3309 2502 4685 126 863 2434 4474 105 116 4826 2994 4957 766
83
804 1953
4291 1360 1146 3348 3824
453
782 1837
1187 3011 250 4980 2120 1518 1929 4443 585 3823 4688
242
818 1750
1415 2253 3124 4191 2162 3305 4484 1301 4806 2968 1597 1171 610 4525 4435
186
750 1684
880 574 450 3959 1016 2493 3207
254
924 1670
3179 500 1844 2699 1969 432 365 3356 2491 3971 2097 4037
264
948 1633
1285 2816 382 1674 2645 1847 310 4670 3700 4581 4913
227
1059 1559
4169 2337 3886 1764 3495 743 2327 4310 814 4540 280
250
1149 1565
979 1601 1070 2117 2904 2954 1157 4000
226
1293 1541
256 4549 1265 4292 1393 841 860 3345 2485 710 2506 4131 4265
256
1359 1463
107 3740 3546 3627 4193 2672 1563 2750 1169 3637
239
1462 1403
4665 3661 1199 1346 4329 2367 2662 4128 440 4747 857 993 568
264
1429 1290
1059 4983 3458 985 4281 2096 3414 4370 4749
222
1519 1230
879 3343 3099 4885 3433 2974 4678
294
1442 1429
2838 4339 1892 1079 949 474 4107 1372 3318 2305 4990 4120
244
1511 1384
584 4807 4288 678 3261 1637 4167 4285 357 2140 2364 4526 545
243
1572 1302
2980 2631 2357 3004 3969 3717 3596
260
1661 1371
3940 2789 3412 378 899 2363 3292 2114 2087 684
231
1727 1283
2450 1912 2567 127 3625 4076 1095 3903 824 3635
283
1700 1190
4044 161 4917 4582 2707 3936 789
39
1600 1254
4401 3010 2239
291
1747 1326
3532 167 3820 180 4469 3311 1924
234
1707 1424
522 1249 2385 1212 425 480 3421 674 3539 4316 4402 644 1130
239
1819 1393
4054 3811 3901 776 3584 2236 1395 3506 4151 965 3148
236
1897 1434
1450 829 660 4123 651 2562 2710 4542 4783 2815
274
1887 1556
4831 3775 443 3895 3326 2673 872 1396
284
1920 1410
3685 927 1863 1117 4241 3738 1302 2142 1274 4504 3754
287
1929 1418
4754 158 896 3111
258
1822 1335
2531 2857 2468 3181 1510 2852 571 763 4567 4843 4545 2284 2576 2850
296
1853 1267
2998 637 2497 3592 3890 3893 1483 1868
277
1954 1306
3881 1190 558 737 209 971 3586 845 1452
266
1966 1370
3712 2200 3956 2540 4883 3266
285
1998 1274
1242 4859 312 3134 1643 2356 2325
272
1987 1188
2167 4914 4901 3251 2719 4647
294
1902 1157
204 1542 3696 1196 1092 4050 1421 4412 3746 2834 175 2413
272
1966 1128
2679 2466 5 389 2095 1029 3043 1252 2448
259
1914 1096
1861 444 3615 3668 4127 1883 1951 4421 163 3137 3715 970 1138
240
1840 1077
4226 672 649 1256 131 1235 4455 380
246
1747 1046
1849 1392 1937 1533 3992
257
1852 1022
4053 2110 2439 2532 1867 2361 3300 3504 2691
273
1964 969
3053 462 4539 3981 2380 303 594 98 2352
157
1994 940
4708 2324 4656 2015 2747
282
1913 1000
3770 2999 1336 2010 4410 4654 3312 4387
2
1872 943
2853
302
1890 1180
81 263 4780 2630 2050 2742 4087 1529 3219
226
1781 1208
267 2447 4863 639 564
286
1776 1428
2568 1075 1816 3245 3102 53 1198 3868 1657 2931
256
1714 1485
4152 4247 496 1757 4353 1925 1919 1057 2959 4478 3033 4252
272
1511 1468
3241 3816 1361 3830 1364 671 2682 4434 4634 3022 4062 2241
269
1454 1546
3949 4371 3094 699 62 3141 1291 3559 2559
262
1345 1591
3979 4617 3436 3602 2027 1435 2086 3684 884 3397 3705 4623 3328 465 2023
290
1395 1656
2274 3749 925 3100 2906 786 774 4591 850 3533
226
1518 1618
3208 2496 3431 1129 2397 1918 902
301
1453 1665
120 1060 1382 930 1359 2983
282
1359 1659
3172 3256 4465 3982 4374 956 1381 4778 4672 4789 3012 4216
75
1374 1754
656 1647 2950 3519
215
1303 1606
833 4893 1993 2656 2778 4464 1679
133
1438 1593
4294 4882 3527
299
1539 1506
3224 2725 904 456 412 4877 2317 3752 3609 3098 4289
208
1627 1516
4472 4161 3091 8 2484 3832 1595 3381 3379
280
1685 1548
1135 3837 4703 1575 3549 2148 3600 3993 4363 4337 4530 1753
228
1783 1611
196 1192 4906 4564 4816 2919 2246 4057 924 3877
297
1784 1745
1305 4368 4372 3284 3720 4164 2308 1625
296
1688 1743
3197 2267 10 4923 2860 750 550 4173 4854 2359
185
1664 1762
2894 1209 2406 1039
291
1768 1646
1615 1237 45 4268 2620 4349 2801 1831 1288
268
1862 1638
4479 3902 3819 4722 2989 2762 3298 746
245
1959 1597
1822 1499 1554 1641 2782 4838 3826 757 1461 1365
294
1887 1675
1028 3340 1799 4938 4744 3229 352 1725 4182 3127 1363
290
1969 1738
3131 270 3859 1465 4737 4317 3598 71 3198 1598 4811
299
1947 1790
4168 4679 3070 3582 3534 4093 4408 3568 3793
261
1842 1706
4602 4389 279 1975 3177 767
286
1862 1836
4802 1224 3718 2509 1166 718 3821 1854 123 2235 4129 4902
288
1799 1927
3517 2798 2458 1085
291
1921 1839
1058 1197 147 3009 1689 1805 2099 3103 4903 1489
282
1977 1960
1221 4283 4013 4322 889 2939 659
276
1909 1907
2539 1756 4423 1405 3110 1949 4835 91 3776 2751 4711 4731
271
1892 1869
2224 2326 3367
296
1773 1799
4308 3553 1042 3726 4326 1024 2549 4301 2333 140
2
1731 1813
4583
167
1904 1791
1715 1909 2639 4594 1246
266
1830 1593
1424 1398 1906 2270
276
1721 1573
148 873 1640 4968 3047 2841 828 34
173
1642 1667
3276 2918 2071 69 2670
233
1637 1574
3604 527 1287 3929 2038 3838 1088 3795 1299 906 90 1269
269
1562 1560
4341 978 859 1377 3434 176 3162 198 2517
263
1429 1494
4707 1609 2785 3400
212
1390 1339
38 1219 4795 2296 2291 4446
287
1276 1464
3361 260 2208 4571 2238 3066 2693 4884 3354 624 1569 3468
289
1268 1365
3150 4425 4942 1446 4470 3808 1213 448 1156 945 738 1331 2890
275
1264 1382
4743 1620 3906 959 920 1121 808
291
1187 1374
4638 871 1480 4124 3756 3505 2730 3557 983 2880 3514 452 2233
261
1154 1455
1451 2211 3244 3897 3341 1934
299
1136 1327
2720 2665 4085 4706 1621 4130 2257 923 4770 953 1161 4613
277
1060 1344
2462 487 1245 781 3382 3268 1576 3246 2203 3874
287
927 1341
4879 1876 3563 1908 982 1623 2790 3942 2168 1843 2132
273
917 1443
4704 4369 2543 4440 2786 4612 3302 2569 716 401
98
993 1461
643 1935 4379 377
277
934 1309
490 4691 3271 1612 740 178 2580 3447 821 2242 3691 1337
291
828 1236
2417 815 1341 2264 901 3706 4694 4702 3459 1498 2416 3769
293
750 1177
289 2898 4853 4686 835 1406 4773 700 3839 4836 1585 3283 4233 2105
297
703 1071
2877 4095 1031 1240 2366 1015 331 1204 3128 485
297
684 958
1686 2718 1846 463 681 4262 3303 1761 3892
257
590 909
353 3763 1593 4 1850 4121 540 3796
272
656 775
1913 183 1893 2465 3231 4925
213
568 873
3454 4659 1544 287
299
703 938
3045 3466 1543 3184 503 1874 1675 1697 2165
276
569 978
1019 4462 467 3464 4551 621 721 4215
269
591 1044
1512 667 4909 208 84 2966 1044 1325 4598 4025 2833
265
569 1125
4992 2776 1938 2617 4554 1259 2840 3919 1323 2748 3002 2158
260
484 1173
2069 3965 269 1142 2186 3371 2987 1258 777 1488 1048 4961 20 2309
300
434 1128
683 3117 3307 301 207 734 3061 3319 2202 3535 3896 4202 4676 2985
286
343 1125
4269 3990 4982 4279 4867 2392 2637 3380 4236 83 1229 3777 1964
286
257 1071
3095 1871 3952 3395 2731 2928 1463 4728 2181
281
192 952
3432 422 4133 2149 1775 1915 2982 1194 4237
287
72 924
3651 134 1162 4052 4752 608 2277 194
68
6 816
4630 4430 854
256
74 968
1491 3112 1733 1297 3631 3973 4222 4373
284
3 1080
3322 623 4456 3014 2865
218
116 1107
3267 2495 2382 2556 1355 2304 3574 636
198
115 1058
258 455 2809 3481 4350 4347 2602
288
16 964
1737 4939 1401
293
136 1013
277 2338 4709 2103 1693 3377 4528
237
191 905
4096 108 1353 224 559 1366 59 4019 454
287
132 874
3235 3411 760 4255 3119 1009 804 4020 1344 3879
284
118 786
4944 1456 1901 847 2307 4548 3525 3250 3911 96
293
36 764
4519 4904 4701 4642 4150 190 3438
277
8 670
4559 4991 1830
278
211 946
877 4394 3846 1667 3760 2005
113
296 962
2177 3503 4886 2017
295
197 1061
3077 1704 1548
279
345 1084
2469 1388 2947 3799 4585 1207 3067 2739 1507 2654
231
382 971
1064 1317 429 1409 2494 2836 4046
197
402 1113
1061 1066 153 778 3810
270
395 1227
1201 2881 3641 2876 4940 2145 3351 385 3426 3797
299
471 1300
2329 4507 1128 1936 2252 3674 2374 2791 3187 4550
280
529 1391
2026 4153 1545 3226 2336 1956 1490 4280
177
492 1424
3675 3792 843
293
481 1263
1089 3529 1035 3167 4899 805 3430 2717 4966 2606 2942 1034 1681
270
480 1225
2091 2900 4442 1651
280
369 1288
3978 2784 2963 1296 2339 2248 4609 4589 2109 4304 2912 910
297
362 1396
1736 1665 2475 3784 2279 1907 1677 4411 4452 690 4449 1013
300
268 1426
3543 492 3927 1655 2755 274 3486 1611 2218 2480 2870
259
174 1419
2781 1950 3509 2433 3146 3935 3065 1930 4492 3719
268
204 1545
3462 736 676 2261 3716 4988 3899
281
252 1490
1380 2430 3702 4606 4426 3142
297
124 1416
3599 3373 2112 4844 2138 2100 1495 1717 1513
298
22 1337
3610 3496 3773 1801 2219 2378 1159 1165 1390 3806 1583 1967
298
60 1264
1955 2078 4658 601 921 2697 2871 3954 2711 7 2259 2765
255
152 1322
2302 2247 3652 4043 3663 3248 723 3885
285
98 1284
114 1834 4664 3747 1316 2198 934 3457 3285
295
187 1196
2082 3480 3050 2920 2113 4529 1497 1182 2737 2695
257
304 1266
4981 2312 221 4544 4205 2190 435 3829
186
256 1148
1685 2658 243 3933 1292
239
226 1229
3560 3639 4213 337 955 3007 227 714
302
87 1205
521 1747 4381 3714 3154 790 446 4230 1989 421 1149
160
28 1206
307 3987 1444 3870 4367 4355 2350 3842
288
5 1359
4227 2192 3847 2445 4615 1478
206
39 1461
4632 2828 1703 1332 2830 4063
2
77 1353
2486
270
359 1496
2632 3561 2611 4333 4792 4157 3398 4135 816 3638 30
300
459 1468
410 4104 1038 3999 566 384 931 2869 1474 1905
298
454 1538
1729 160 1227 556 2474 3731 2353 1107 3794 2986
269
493 1667
691 4214 2210 4335 4580 1810 820 3689 4364
290
478 1762
2387 926 2205 3262 2515 4716 4977 2476 2652 507 4782 4864
88
399 1782
2033 2347 1473 1592 1526
301
420 1639
4482 4084 2944 844 858 2991 3084 1970 2818 2245
260
285 1601
802 4963 3620 4106 3423 4588 3138 967
274
239 1631
1054 3721 146 2955 2519 1017 2566 3320 1111 4532 1367 2044
282
180 1739
4738 1691 3427 3203
277
218 1615
523 2895 3223 1931 4457 1656 145 1091 3888 2681
282
107 1603
4543 3339 2273 865 343 3160 771 1333 2143 1191 4565 1356 3963
301
36 1576
918 3524 1457 2134 1354 1797 4140 3672 3835
279
44 1656
4439 3254 3912 4319 447 797 4829 2 3460 2704 1958 1884
291
70 1759
4048 4494 1706 1680 732 2144 744 3786 4212
276
72 1845
600 4471 2608 188 809 1960 2825 3657 1074 4103
258
154 1911
997 3508 1404 1853 2940 4842 813 4661 2204 2969 914 1448
290
58 1943
4516 1610 3153 4978 3487 4454 4740
263
114 1793
784 1120 870 2648 4295 4429 3370 1184 1410 588
276
178 1863
1779 3058 502 4441 514 4891 4399 3027 129 2663
236
278 1772
367 1530 430 4956 4964 851 112 4828
263
232 1853
1273 1710 1983 4384 3887 3200 4315 1522 4757 4210 4228
272
307 1920
4382 1397 2577 2390 3500 1820 3015
90
446 1976
836 275 512 3299
289
328 1986
2194 318 2516 1952 324 1484 1997 528 2231
285
425 1918
2866 4604 1124 2303 4424 3771 3750 4463 3904
291
283 1937
4496 1202 4074 504 4787 4473 3513 3294 1588 4495 1618
2
183 1999
866
142
264 1816
453 461
301
66 1659
1369 2759 2545 1113 2565 3986 1580 1841 369 2088
158
103 1539
2726 4508 2588 2355 1829 2155
254
150 1647
4015 1255 488 4698 3180 3410
280
317 1625
2075 894 4739 4671 3087 259 3483 3364 511 4209 386 1394 2063 4312
294
370 1690
1738 4154 2664 3607 4710 2703 3113
301
412 1588
4822 3317 4072 4666 3774 4187
298
529 1640
3213 4766 3854 3931 1411 4572 4663 1178 2743 82 4266 361
255
651 1607
2649 2512 23 2195 1385 3708 3744 3355 3188
292
610 1726
3623 1454 4040 543 2696 3439 3474 3366 2504 3392
297
577 1790
338 964 2768 1627 3676 2137 4278 4742 3632 1116 1722 4900
250
521 1924
1254 2214 1037 458 962 652 370 4422 4220 3329 4748 4683 4578
292
516 1892
2814 4936 2910 4555 2322 1532 2054 772 2289 3133 2832
134
583 1747
2346 4409 796 3147
289
614 1624
3781 1514 593 1216 2667 1587 3891 958 3511
255
679 1547
838 233 374 3003 3670 3057 3501 3071 1253 1711 539 251
283
717 1528
3215 1872 1678 1205 4390 4122 3056 3907 4257 905
290
813 1549
1721 3656 3448 693 1713 3737 819
297
546 1566
4420 4299 1005 807 730 1277 415 4094 508 2159 4083 1226
248
547 1656
2411 2951 3402
227
356 1461
2051 724 4827 1652 1524 4684
260
383 1353
2603 4547 1154 394 475 3591 3593 3097 3399 381
256
353 1324
3572 3440 2014 4091 3063 4345 2960 989
76
222 1315
1701 3864 4777
2
342 1250
2354
266
533 1107
875 4755 1921 2846 3497 2981 1441
295
601 1160
4064 330 1081 426 346 704 4179
300
562 1185
1780 1003 1086 726 3026 4055
292
608 1027
3647 14 3218 4253 2872 3358 817
289
518 982
1771 3554 1010 3815 484 3624 2758 4331 1804 4705 3387 4518
297
481 875
4587 1167 2315 1233 4159 1902 2660 2164 1823 928 2821
275
482 838
1531 2929 1944 2599 617 2311 3757 4174 3958
262
384 846
2182 4403 3301 2470 2525 4772 4725 2018 54 4830 1776 3034 3989 2935 2412 1606 3834
267
331 830
4865 1840 2255 3618 4636 3175 966 2738
280
385 739
413 3136 4089 4673 2029
297
279 888
2715 272 266 2135 1500 4448 586 1672 4750
295
235 771
4097 612 3660 1824 1809 756 2688 941 2199
259
267 725
3205 2129 3336 4751 4758
278
408 769
2201 115 2962 2489 28 855 4520 41 576 4697 4238
255
515 701
1946 1832 831 3476 4888 1698 1787 1094 1108 212 3798 619
279
550 615
2574 478 878 2941 2628 3964 1705 3785
253
526 529
4325 1069 2299 3844 1702 2169 2698
252
665 525
1468 1139 3314 308 1272 2348 2423 3493
217
587 489
688 868 2882 1260 1402 2647 1660 49 1904 2124 1719
288
536 557
3678 1283 968 1420 3800 2441 1648
226
648 626
1449 3916 1123 1608 1670 12 101
279
668 718
4377 2694 3368 780 2993 1308
208
537 741
2911 4862 3192 1264 4207 3206 319 1743
290
585 713
229 3856 4486 1690
86
459 937
4171 2595
139
579 944
3090 3408 2550
270
661 1123
4395 2822 2080 2948 4323 2166 1125 1527
289
778 1114
442 407 1455 3108 2793 4007
266
805 1241
2593 323 4720 1818 731
302
892 1329
1836 1535 1152 4753 3614 4929 210 1699 554 2598 1330 2272
273
769 1326
626 288 360 3214 1566 3983 1564 4211 4975 1988
298
733 1316
4950 4260 4433 1789 517 3109 1153 2884 1322 976 2676 3101 1858
255
612 1237
341 3391 1183 3961
285
689 1352
1770 2613 1425 2873 16 2456 4970 752 3425 1954 2995 1578 4819 4005
296
759 1441
748 285 4969 4383 2414 3758
298
662 1393
3049 469 1619
262
678 1286
604 3253 4436 1579 1825 4115 848
149
805 1295
4521 900
221
1020 1294
293 215 3861 2006 1318
298
1104 1339
3013 4759 1920 2116 1947
292
1221 1273
525 22 2619 1812 2633 4851 3650 3092 1684 1866
292
1190 1131
2533 2736 4024 3074 1790 2229 471 1553 2728 876 3536 3867 4593 1485
270
1280 1132
2487 892 3530 3333 2949 1177 445 1217 2964
291
1376 1213
3869 2016 669 2810 1798 3583 390 2321 1551
203
1356 1087
2240 3240 3239 3507 3123 55
289
1361 1159
940 2854 2471 3287 533 4190 2722 268 1056
293
1440 1100
157 4652 3393 2518 1941 2151 4637 3315 1826 1210 1928
265
1470 969
152 2892 1962 541 1712 261 4786 4118 938
293
1442 963
2285 4393 2996 3801 3489 2021
298
1446 1042
94 181 686 2936 4145 3772 4240 4078
298
1528 995
2546 1716 2232 2111 2183 1774 2797 3383 1813 4313 2820
292
1570 905
1730 29 519 2330 1234 2827 2030 788 333 4217 355 4320
296
1665 893
219 2586 3467 3386 4033 3374 2868 2878 3734 1903
279
1643 845
1793 2076 4110 4813 1777 3865 3443 3972
299
1764 817
2627 4197 3565 1494 4271 2766 375 4887 954 4199 1321 1979 4148 2341 3469 1458
285
1728 748
1803 4910 1007 4857 3960 1631 1470 3995 4628 4045 1134
258
1688 705
697 2070 2886 3204 3876 2427 3227 2623
298
1574 738
4487 3228 113 2060 1422 359 4599 1742 4068 1140
263
1458 692
3174 88 1014 3461 1728 3233 1792
298
1447 599
1416 493 2690 3220 3158 2552 1800 294 2215 2249 1077 4338 1943 249
254
1414 687
121 1493 420 1784 2043
2
1322 587
1000
252
1530 641
2153 856 3894 2000 590 3710 1172 3072 170 2592 4318 2271
286
1627 574
2680 2048 1106 4833 3825 3617 2773 3573 794 4651
162
1576 482
2180 295
293
1576 635
3277 1582 2055 3018
250
1539 754
2460 2847 225 1339 2042 2098 3428 1557 1243
276
1583 759
869 695 1176 3242 3833 3917 1399 3078 3193 670 2560 2405
163
1509 848
1403 998
287
1696 673
1133 4170 1290 4061 1122 4071 4506 1412 634 3282 2372
147
1676 604
3924 4006 472 397 581 292
288
1754 721
4365 4201 1602 4027 1315 3665 881 3653 2431
260
1761 623
3634 4158 3082 27 1046 2375 3450 3920 4513 1319
110
1838 671
2930 1634 1349 2851 3350
277
1778 759
1916 3212 4556 1093 3723 4234 1200 1304 4030
282
1893 765
2829 4797 4200 3996 2371 3828 1352 3814 2421 2924 130 1525
295
1974 683
3259 563 2709 482 1466 713 1055 1471 4937 3272 4955
255
1991 671
4745 2292 4163 1538
216
1953 816
2128 3571 544 26 4358 317 3492
280
1699 891
1266 2723 1462 1971 2879 2976 1006 3051 1050 947 2760
267
1802 956
4204 4949 2258 2779 185 4537
291
1553 1027
3451 1310 551 4502 3156 751 2420 2511 3502 4794 509
284
1656 968
1880 2800 2089 1033 3060 3570 822 2437 891 613 2147 3313
264
1750 993
4102 3541 2358 4264 2845
263
1582 984
246 3081 1978 4286 1298 4662 2351 2046 4723
280
1641 1086
561 633 3938 2323 1293 4553 3028 3413 3900 3790 103
246
1575 1202
2862 4717 366 356
283
1643 1127
2644 4700 1303 4808 4334 2601 625 4597 184 3236 3258 4535 917
202
1641 1165
2386 1528 2640 4010 1082
172
1483 1117
646 2542 3688 1307 164 2754 4849 4511 1434 806
287
1429 1072
2409 3695 4303 4825 2189
277
1278 1102
2503 2792 2634 497 2345 3257 4407 4832 1270 1586
298
1230 975
707 602 3853 3852 3932 883 2671 542 1982 1695 252 913
294
1350 927
3984 3170 791 192 2746 2479 3845 1281
279
1343 1034
526 3666 4874 4428 1419 4239 2281
266
1276 930
2207 614 2609 491 2263 553 1368 4275 3225 2856 986 3558
298
1258 820
4447 4136 3683 1025 4920 297 1472 2625 3357 1506 4194 1225
280
1289 829
1179 1682 4605 1607 3477 3000 2052
282
1393 836
1732 3164 80 1262 4244 3232 419 4972 3453 4912
214
1307 718
2514 2804 3741 1476 3129 2419 3722
165
1399 786
151 1889 569
283
1326 885
4804 823 3420 4413 15 193 2449
284
1191 894
2958 803 658 2615 2221 3579 4418 4796 741 1329 3759
283
1134 975
2787 2558 1815 2842 354 4256 3211 4619 50 4111
280
1115 986
205 2689 4031 376 1965 1577 65 4231 296 3 100
278
1010 1030
4965 1837 457 2028 2777
279
1028 934
3728 1433 2061 2521 3019 1509 2926 4985 3429 1953 3699 1638
273
1013 856
473 3697 459 2653 1740 300 2125 2230 393 799 3452
68
1100 807
4596 1271
295
959 846
1720 2335 654 2933 1127 685 2616
277
839 849
3116 3405 3608 1534 3304 4713 2377 2020 1326 2740 3055 747 2316 520 2767 3698
271
765 857
3520 396 655 801 4138 2217 4296 2093 2917 2528 1515 4996 4984
155
716 780
3491 4378 3701 912
259
712 878
3190 4729 4501 2544 2301 1387 4622 1900
281
740 1011
4641 4461 4512 3551
292
849 811
4514 4485 2716 2591 992 4398 1047 2104 3575 2536 2251 4898
296
916 819
3372 3761 1158 2555 2741 4736 2757
296
919 720
253 2160 1744 4419 189 4760 4916 302 199 77 1300 2443 2058 1289
293
946 629
4669 87 2101 1432 518 1772 648 32 3862 2244
288
1085 600
1027 1040 4183 4541 4734 2127 1807 1550 1004 1865 535
263
1217 547
3062 3349 1427 4388 2286 1998 3191 2997 3465 4218
280
1338 529
4088 764 2300 800 1516 4259 1827 2735 1313
276
1472 494
4840 537 3324 4762 349 1990 85 311 3947 1373 3680
264
1513 468
3064 3704 3422 3597 1666 3939 3178 4438 1555 2024
293
1458 424
4008 2655 701 186 2196 3953 423 749 632 4385
276
1524 354
4126 2943 3802 3745 3327 4336 498 4141 3909
298
1642 377
3044 3362 735 3736 1041 1663 1795 1218 4869 2802 2745 2706
286
1721 300
4400 2225 1492 2477 3079 657 2970 2342 1748
283
1849 311
908 3538 6 1150 117 3889 3930 4156 336 2455
287
1835 207
1267 4272 2438 4481 3753 1087 2705 2925 4993
289
1706 201
1783 2770 911 2572 1324 3484 42
297
1796 164
362 1155 3073 4391 2056 3626 4793 1688 4490 618
238
1930 142
1311 2724 2053 1642 133 434
252
1951 95
3125 4894 638 2077 4639 1617 3385 1090 1362 179
295
1892 100
2481 1306 3152 4534 2957 1220 4011 4189 1932 1819 582 3384 2714
278
1858 90
3822 2600 4406 753 4880 897 1845
280
1859 180
680 2794 4775 4640 2013 4646 4714
279
1762 97
4049 1614 438 2553 3042 3086 2578 273 3360 4023 4633
286
1686 5
1739 3030 2524 3260 1261 1856 4655 4905 2508 4989
247
1625 96
1769 2187 3724 3813 4066 3589 4172 1910
135
1802 52
4117 1976 2206 125
289
1888 270
262 406 2068 2446 4954 1520 3498 2344 4834 4626 4009 4483
263
1986 263
4577 3023 3522 476 570 2118 2835 2454
202
1934 342
4715 162 79 1917 1100 2641 4881 2579
269
1849 347
3997 2734 4229 893 1650 33 1877 4307 3791 4595 329
273
1846 463
4847 2045 712 3878 2483 628 4976 75 36 3581 3286
295
1985 430
798 2975 1923 3031 2780 2713 4357
271
1910 559
4820 795 2401 1855 418 395 2074 2123 328 1888 4771
117
1996 520
1358 3255 2047 67
300
1840 486
364 2557 1926 668 1765 2297 826 2729 3994 1335 2855
273
1795 419
1869 516 4342 3873
292
1729 521
665 3755 1195 2163 3526 4897 1752 1453 4184
297
1636 443
1811 3567 1851 3130 2535 2442 416
280
1716 401
1374 2749 4012 783 4427 818 3120
217
1516 332
4962 1694 1214 606 4290 1768 2499
284
1407 469
3640 4450 4351
264
1271 479
2657 4868 4459 2678 1994 2418 31 2062 3664
296
1334 418
974 607 4756 3967 2813 4251 3921 122 3080 3804
284
1364 383
3419 557 1604 4480 4270 622 1275 770
202
1360 266
3310 35 3739 379 1547 682 4460
278
1440 235
4618 2384 2176 3643 2837 531 3550 2424
258
1561 264
2686 1469 2783 1539 909 3163 154 345 2896
291
1592 156
810 1032 2191 3812 2908 2594 1632 232 66
236
1523 58
996 3787 60 4298 68 2290 2376 2721 2130
297
1562 160
2073 320 4724 4221 840
32
1602 297
4948 2530 4224
289
1440 208
599 1459 97 2938 2451 1645 1745 3182
121
1448 302
92 4142 1668 3629 242
46
1332 382
1439 4856
174
1249 541
3662 2666 1886 990 56
290
1122 621
3977 334 951 1223 957 43 1479 4557 2646
278
1174 704
139 3281 1683 3455 2310 4116 4814 2287 2388 13 3941
256
1280 765
4841 4112 2064 3338 321 1511
298
1193 645
1785 254 135 2614 3707 567 4631 946 2008 532 679 1966 4343
300
1265 628
3908 4077 3473 4002 834 2683 4761 2788 1389
301
1244 690
1376 4417 1835 4035 3512
293
1093 717
2331 3363 1440 2197 2650 3595 3263 2551 2472 1251 172
284
1022 769
2934 2763 110 2769 1741 782 1486 1639 2581
181
1031 685
424 915 3564
176
1123 736
3531 1063 4445 2209 936 3681
283
1122 576
689 579 3388 4527 3544 3957
285
994 501
4185 2319 3216 1112 1959 1750 2520 3636 2370
300
922 561
3046 3088 1137 3587 935 64 1596 867 2461 2408
290
816 528
2453 2899 2937 1378 988 1573 4674 635 3332 2839 1208 499
274
824 614
961 417 4908 972 3173 4935
210
775 628
4860 717 1413 1020
287
871 541
1391 4858 3069 408 864 3444 1879
299
919 450
4065 2971 4896 1467 4330 2415 1891 4624 3732 4415 3104 47 3016
274
993 352
1351 3577 3713 2831 276 40 4788 1475 1250 2583
255
885 273
3727 4396 1145 4276 981 4919 1011 587
293
975 269
1992 2150 3648 4958 182 3751 4699 4774 4451
276
965 175
3863 344 2575 3435 222 4643 3687 3076 2953 4092
298
863 146
2523 653 3998 729 4719 3875 1895 4533 1549 4499
299
829 31
1842 391 1320 230 4059 830 4348 4824 546 2669 314
297
702 62
2107 2131 4677 1864 4953 3032 603 524 3089
294
742 10
1630 2685 922
296
915 2
4781 2642 1284 2805 4475 768 2066 437 2282
294
981 48
4321 942 1948 3115 1589 825 560 1781 2034 3679 3779 4973
243
1067 81
4763 706 1080 627 1002 3951 4198
295
978 79
963 1244 3006 3703
282
848 139
3725 4017 1110 4466 291 4821 629 1109 1519 238 436 4302
260
770 201
2635 4971 2875 2684 3121 708 630 2927 2548
192
844 224
1591 4693 1974
299
799 96
177 1375 21 3516 1654 264
289
881 202
309 4667 388 3729 2265 2554
36
984 119
4610 1726 3176
301
908 269
4735 2035
276
1033 381
4250 1973 2807 4165 4162 948 2661 3409 4515
297
1164 369
136 4648 2702 3036 335 1022 2965 702 439
299
1126 289
281 494 2823 573 3159 3733 4132 479 4196 2426 1633 3578 2266
293
1103 198
4815 4431 4727 1222 3803 3966 890 2867 3291 3054 2435 2320
216
1161 106
2605 4767 464 4016
286
1093 260
4945 642 2234
296
1231 325
3671 3168 4232 4607 2622 3694 2863 577 4021
296
1283 274
933 3378 3269 4356 4531 1814 4951 2293 2570 4812 1505 2365 4876
266
1255 182
787 3280 372 885 213 3782 792
296
1284 181
2488 4524 4032 4344 742 1084 2306 1568 1986 1309 239 4645
263
1281 152
1766 598 4837 4375 89 387 2861 3237 1786 2396
297
1248 25
4219 1126 2389 3934 4082 4866 358 2817 1417 2990
295
1354 105
4039 4870 2178 2032 2732 1658 565 304 898 4573
289
1398 16
2587 3789 3039 886 2011 3914 2826 3038
289
1472 128
2463 987 4779 2243 3059 552
185
1410 125
2752 4332 1940 3537
122
1227 66
4732 2774 596 1594
47
1293 235
2383 2057
298
1213 391
2393 4536 1762 2507 2381 19 3359 2604 3590 591 3475
270
1190 402
3857 1517 2428 4267 3441 257 4098
299
1025 357
2004 2537 363 3619 2992 4352 216 141 2478 1794 197
188
1052 354
3850 1247 1942
283
901 417
118 2902 2889 664 4380 907 3946 887 2979 589 761 237
283
822 377
206 687 481 2527 4872 2283 2146 2175 72
279
761 390
2459 4293 1754 214 4818 1418 4143 1327 839 3316 4616 4741
284
672 439
677 715 3827 2373 4805 460 235
278
780 326
1340 1464 827 2498 3143 495 3222 1927 4871 2173
236
655 287
505 4575 549 1443 1211 322 326 187 2675
272
585 308
1626 1383 3523 156 2961 2334 3764 3510 4892
247
466 275
1206 371 960 2538 2106 74 2700 1232
297
349 172
882 3369 2156
280
424 284
2972 3221 4926 2945 4561 1541 4034 2275 2573 3743
271
351 331
4186 486 348 4134 3669 1068 4987
289
462 403
1945 3766 1669 1984 1043 1230 4125 1188 3230 2288 4800 4746 3646
274
569 399
3883 4660 2188 4682
261
507 392
3915 1408 1239 4149 725
295
392 461
1099 2913 4995 3778 3390 4155 2031 468 3488 1653 102 3217
262
345 547
4139 1189 3289 4225 4611 4437 3296 3325 3686 2571 1700
280
270 509
4014 1933 2687 3005 4765 4979 1735 2901 3249 2905 1885 4287 1185 3376 4249
273
181 581
2171 4839 4176 1881 3818 1635 4959
301
271 586
4354 4160 4730 1662 640 2402 106 3194 2638 2226
296
214 691
916 4946 195 919 515 969 2585 3406 2452 1062 2403 2395
266
109 619
3149 1236 1345 3353 2891 4960 470 1436
241
158 625
2712 754 4801
171
269 678
282 1806 1131 3548 373 4809 4018 529 57
285
275 496
1052 3145 58 4924 2092 1400 4003 4180 4432 2432
274
280 360
1898 368 155 2349 244 433 2379 1045 4562
230
300 407
759 1051 1581 200 1565 2314 2887 218 853 3151
268
252 449
1558 4503 4570 1343 4488 4248 3396 3308 2584 2256 4823 3644
292
137 481
1426 3275 4361 2394 3858 1788 150 769 316 4657
294
35 553
3375 4147 2764 3365 1278 2444 3693 2984 2564 451 2126
193
5 528
383 939 4934 1180
295
168 493
4324 2907 1477 2677 1431 832
298
89 410
3545 449 4523 698 265 3606 1193
290
218 383
2102 4810 1414 611 1622 534 4405 1878 1104 3106 1859
294
138 285
402 1914 2083 1175 2094 9 1791 3555 3331 3471 3576
295
101 244
3980 3788 662 1328 720 4505 2362 4178 3295 1862
289
17 170
1714 1961 1755 862 1899 4845 3352 217 2152 733
277
74 69
837 104 4108 4067 1314 4314 1379 3415 1718 3841 3944 2136
291
115 28
2753 675 4042 4181 1338 2888 3711 785 1065
232
136 69
1228 3185
291
94 227
1102 2368 398 1887 4444 984
283
163 335
2298 3068 2513 3209 414 4850 2280 405 709 2859 2049
288
55 307
2003 4889 240 1263 4468 1502 3335 1759 1384 4001 3290 2563
2
56 403
2276
255
165 256
1963 3306 3580 1098 1838 2222 1496 4101
292
260 239
4635 1629 4873 2674 4974 2692 4922 3238 2561
284
376 248
143 2744 1487 4791 1890 4360
299
274 180
779 2391 3735 2708 3840 2883 4538 3515 2067 3288
284
169 109
4522 2522 3118 703 694 3783 1370 2154
172
275 150
2988 284 2133 3035
130
197 466
3849 347
275
369 550
124 3463 3418 861 4491 2844 3690 1203 1523
264
473 597
1724 4560 4653 4498 2864
290
373 613
2534 1294 4875 4346 661 2360 4489 3494 4476 1995
71
419 609
286 3186 1151
286
319 459
2001 1991 1749 3105 3658
219
411 404
2185 119 1760
284
570 288
1268 4028 4768 4799 1428 3144 3910 1977 477 2629
266
593 190
3556 3521 255 403 234 220 2795 4137 1848
294
682 120
3569 3673 4675 1828 1334 3449 1985 3780 1671 1282 1504
264
627 21
1870 765 3093 3243 4203 3403 3107
285
587 100
555 812 2268 3922
288
548 171
3189 3394 2436 3948 4099 3621 165 2407
294
460 189
3817 572 159 248 3424 1968 1939 1508 3437 2193
267
398 126
3884 2505 2473 128 3970 3836 1181 99 1751 620 592 3985
247
390 48
1141 4119 2607 1599 1727 3445 1860
134
267 31
4453 895 4687 4510 2874 2636
250
385 9
1160 2295 3083 226 3913 977
117
480 25
299 1342 562 2179 306
297
621 197
3169 3122 3330 137 2903 2596 4282 4861 3155
126
702 191
3613 428 1008
229
689 314
315 3612 3017 2422 4769 2254 3478
293
739 325
1295 647
217
881 381
999 1312 2610 2081 3898 3843 1407 4079 1767
273
885 439
4509 1132 2294 1605 4309 4629 95
295
1039 537
3278 3976 1447 2429 3742 392 4073 538 1119 4625 4284 4649
289
1106 471
536 1603 37 1644 2897 3482 4070 2643 605 4584
297
1196 520
3202 1817 1624 4680 2467 3037 3404 4907
178
1109 536
1911 3442 4696 3547
184
1048 600
580 2492 327 3926 3654 3201 2108
187
971 666
2369 169 409
281
882 657
4933 1758 1386 4376 4246 313 4458 1996 4681 2400 4712 4026
295
758 714
2526 3809 929 3085 2404 4695 1053 3020 2157 4206 3196
300
715 625
1073 3040 2727 1980 39 3346
234
818 708
937 427 3135 4718 849
282
918 929
3024 3851 1163 4764 2228
232
1056 913
24 3321 283
179
1209 959
4790 1143 2399 2775 2237 441 645 4029 1972
257
1162 1150
399 3052 506 3183 1429 727 1186
294
1034 1071
1001 1280 3871 3342 4086 4051 4931 2332 1802 2849
262
1034 1194
1570 3601 943 2668 2529 1536 510 4568 4614 2009
246
1038 1253
3001 1571 1649
288
975 1118
1957 1067 2806 171 1173 4692 4144 4921 2328 950 1616
288
862 1089
11 3008 144 1731 1661 3096 2956 223 4192 3855
295
917 1073
342 4689 4621 1708 3021 991 3171 51 3882
272
863 975
1540 2440 1170 3126 3417 1734 4785 3041 174 2313
145
833 957
4915 1348 1350 166 142 3768 2464
290
938 1100
483 501 615 4277 2161 4305 2824
76
975 1210
44 2932 3265
181
1179 1182
2090 1696 1873 3975 4895
286
1227 1267
1101 1584 1687 4362 1118 3649 2174 2084 2589 2771 2812 4105
251
1322 1253
1482 4574 3114 1833 597 2819
301
1247 1317
4493 4047 2172 3692 3950 1357 2490 4497
176
1205 1473
1430 2701 2858 4004 431 1147 1559 2262
267
1067 1534
3048 2425 3765 2967 305 231 4878 1572 4930 3988
297
1070 1453
1072 411 3677 1808 2761 2039 2122 18 1922 404 4274 4601 4060
287
1096 1528
1796 4947 3199 1590
280
945 1561
755 4081 3270 2223 4058 3140 4846 2037 4517 3075 530
245
840 1630
2041 1613 1481 70 2915
229
881 1529
903 3748 4721 489 4943 2624 973 1347
293
947 1530
2141 4576 4817
359
960 1697
3588 696 1600 4311 3210 2340 980 3401 1778
253
1067 1687
1083 202 2482 4552 4590 1442 4254 93 2952 2626
267
1130 1686
1537 1076 4273 2811 3945 4109 4166 728 4467 2007 3139 1659
284
1179 1722
2398 4245 63 3955 2457 2909 3347 3962 1821 2260 2343 3611 1676 1049 4563 340
279
1161 1766
2065 2978 1707 1981 4733 2040 1709 466
212
1064 1787
793 4038
263
1226 1791
3642 2590 1021 3659 1999 3562 4852 4366 2843 1103
279
1188 1904
236 4546 2756 3622 1437 3274 631 3025 1136
283
1229 1916
888 1782 1248 2946 4855 4644 298 1286 2121 3552
282
1200 2000
52 4776 4592 762 4650
293
1282 1914
3470 650 3165 3273 3490 609 1857 1852 76 211 4195
268
1341 1839
2796 1174 4803 4327 4242 3991 2541 4022 3334 2977 2893 2916 1692
262
1332 1807
2216 4414 73 3234
250
1373 1944
3446 2848 722 1036 1562 692 3880 2012 3485 1168 4967
277
1459 1927
3937 25 46 4223 2618 4306 1164 4075
291
1561 1984
666 2220 1882 2115 2212 2582 86 4627 2772
281
1508 1864
932 4069 2072 4798 3166 2022 2803 2019 1097
288
1496 1769
4080 2597 149 4586 513 1839 874 3603 3682 2733 4397 351 2914 3928
193
1497 1710
1238 1241 3918 1501 4261 3416
277
1556 1796
3297 1026 3132 2500 3252 247 2410 78 4726 191 2501 705
294
1609 1919
1773 4243 1105 2621 1012 4114 4603 3905 3974 663 228
278
1685 1821
3655 758 4392 4928 1023 2119 1763
266
1661 1887
944 1114 3542 595 3472
22
1783 1987
1438 3161
235
1628 1971
2921 4500 1552 3528 3323
166
1610 1810
583 2318 241 3807
152
1488 1989
975 1096 745 1894 739 1423 2002 2922
216
1387 1924
339 3566 1503 278 3709 4620
218
1201 1937
3594 4258
286
1256 1694
203 3730 173 1561 995 201 4056 132 548 3264 2885 48
301
1302 1776
3667 1746
146
1043 1682
811 2213 4911 4328
195
974 1802
1897 4952 3762 3633 2651 719 4569 1546 1460
283
919 1862
2025 952 3630 4600 4848 3157 3943 2547 4566
225
852 1967
3389 575 4918 4404 846 3518 2269
