700
100
92
620 10
1 4861 3604 3231 4493 528 4426 2862 1252 524 1322 3106
96
617 41
2106 1633 4145 3718 3096 3267 1893
80
638 76
1844 3102 4149 594 3975 1811 4342 3626 445
97
653 105
1728 2802 2183 2498 4084 4094 1790 3771
46
608 101
3464 1317 72 421
115
577 83
4468 976 1546 4007 1852 4615 3877 4696 1172
98
566 60
4398 1923 3468 2308 2741 3953 587 2808
77
604 60
4608 4085 1794 685
95
565 18
676 757 1734 2771 4163 4159 1532 2812 4872 4116
71
534 20
4566 3821 1753 1150 4418 4200
2
589 18
3350
75
578 106
3522 959 2958 1197 772 3613 573
85
563 97
4969 1006 1137 773 1729
79
542 132
2362 4522 712 1071 1594
87
542 175
233 2459 3205 3489 3615 3764 1561
78
527 171
2908 1063 304 2577 4694 4379 4371 4260 3139
85
491 180
408 1523 3383 4390 3852 857 3443 4827 2553 3542
88
477 150
262 994 2643 3854 3445 3563 3019 3492 1717
68
499 153
437 1226 2329 3100 3478
103
496 117
3970 2306 3038 1382 465 3349 2452
134
515 103
4751 419 3021 1224 2441 184 278 7
91
503 73
4925 3466 4596 3791 2451 3248 263 4368
47
547 72
2436 138 346 4176
74
513 61
1469 2028 728 306 3968 2506 3141 2273
90
504 21
2854 4639 2875 62 3181 2911 1081 1195 2450
50
491 26
759 1381 3712 1980
78
492 68
2115 3500 760 3961 2381 1499
158
518 94
593 2489 700 3596 1999 3285 2813 3380 1803
58
483 133
4279 4595 1100 1741 843
82
511 202
4933 1944 3234 4625 2129 697 3797 4737 2654
89
555 209
2967 4844 721 2799 2746 877 3849 2241 2469
74
599 199
1967 309 4214 3128 61 2798 720 3778 3959
82
606 187
3633 2940 3075 275 3969 3457 872
40
594 170
804 1219 3362
94
621 157
3666 4095 943 4672 1334 633 1623 15 1127
149
578 158
547 867 3946 129 1332 3916 1266 2896 529 1936
90
618 130
27 489 2933 1675 4058 1550 228
82
658 151
4002 137 4897 1447 4179 1658 599 4818 2731 3510
99
670 116
810 3957 2265 172 4569 3634 3990
90
712 123
657 2316 1887 1529 4550 2691 3561 2552
91
740 99
2998 556 3307 1757 2146 4917 1112 4655 1449
88
701 101
4785 4233 4733 4270 541 4567 711 3781
94
714 82
652 1813 674 1949 948 3387 236 2236
75
752 52
1304 4683 2392 3790 368 4963 2873
69
792 69
2670 3549 661 3230
97
781 38
1987 1920 88 4779 3918 1188 665 2018
99
792 41
355 284 875 1153 3199 4383 977 1597
97
769 21
2738 2601 3033 1401 2955 2147 1096
73
746 66
1487 1564 2358 1217 19 2679 4725 1666 1478
80
705 58
2874 2230 972 150 4454 1154
69
702 12
1908 2650 4477 1885 4405 1599 4540 3076
94
675 2
1842 2941 2010 4223 2017 3752 4208
88
672 40
2427 4572 4804 3186 1743 839
80
641 26
2298 2869 4302 1595 2976 79
55
722 21
1091 615 3295 116
99
732 89
3533 3292 531 1357 3447 1419
84
768 115
2088 462 4268 23 4201 422 4452 2261 4016
97
760 128
1433 1661 3310 580 1161 75 3481 2969 709 3328 4177
47
787 153
1284 4044
90
756 108
1292 96 2031 472 1140
73
752 155
1169 2248 31 705 3986 3318 114
92
739 185
4464 1651 715 1668 3811 4579 1972 1435 853
88
780 171
3787 4128 512 4231 4784 2047 361
80
764 206
3097 349 4410 2333 3846 4316 4187 1669
47
743 232
2878 815 4954 4169 2209
48
799 208
1637 2383 1095 1504
94
737 194
452 2181 1961 4046 908 1239 916 1351
99
704 211
1991 1076 3257 1307 3741 3004
93
709 170
2763 3416 1148 3602 975 2890 357
100
687 160
359 94 2460 2379 4122 3287 899 2196 305 2554
81
668 198
2386 1570 1515 4423 613 471
2
694 137
3409
85
505 211
1706 3446 3337 2954 2876 2637 3737
101
468 231
1458 4037 940 4253 4420 3357 2720 1926 3026 374
93
426 233
1376 3803 3011 3373 4907 4513 3069 1146 566
91
398 194
3762 1775 996 2275 2253 2414 4711
95
365 214
3298 2394 2125 235 792 1513 1917 230
92
367 183
1092 4248 316 3202 3219 2050 1514 1872 308 1451 2882
83
394 153
4437 1642 4611 3472 2719 3599 1134 2884 1276 4670
100
371 126
2618 727 3039 2277 2184 367 4499 2011 3912 4500
87
372 111
1175 2096 4473 4408 3354 69
100
398 89
2631 2609 2123 3826 1280 4293 185 532 148
99
380 60
2486 4183 3610 2928 2512 2398 3585
98
373 92
1314 3438 4950 542 4806 3324 2367
101
340 56
2923 601 4498 1190 3906 3316 4264 4032
81
329 99
1425 1707 3700 99
92
326 67
4582 4677 1647 3430 3774 1270 3246 1353 1789 2777
90
305 72
3327 3594 2912
88
329 38
4882 4653 1027 1479 3705 1085 3249 4265
96
329 4
4457 4634 4721 1191 635 2013 2254 3874 37
96
290 17
2972 3073 4090 1791 670 2646 3001 2286
59
271 7
3784 4142 3540
94
345 9
2030 2171 706 3184 1212 2020 1015
87
393 19
3308 3413 3692 2364 2327 2302 2102 2067 2054
86
417 55
3335 4958 789 4111 2924 3462 970 4439 1909
87
444 72
1866 611 51 2167 4910 3868 3951 2587 1891
97
453 99
496 1490 3661 2627 2126 1497 2411 1955 4790 2889
10
438 104
4584 3124
95
441 52
1946 4739 2700 1816 4805 2089 3793
99
428 33
1625 4450 340 2447 1041 2477 4123
67
392 32
4770 3035 4480 1477 2518
10
367 1
2721 1850
87
347 52
3388 4756 778 1907 2339 4820 515 156
12
355 89
3962 3297
99
406 150
3824 954 478 1108 511 3732 4227 4220 3766
93
420 106
1702 836 2341 770
98
433 140
4939 108 2060 4045 1512 947 1218 695
101
361 167
4541 1714 203 1361 1079 4119 911 1598 3022 753 2750 1579
97
340 153
4266 1578 2968 1261 3495 3974 4533 3237
99
306 192
3274 735 4434 480 4143
92
288 165
4862 4412 339 2048 1374 1494 4484 2100 3142 4254 708 4543
102
300 147
2965 2558 1039 2211 2999 212 4919 3367 714 655 2619 4092
97
277 112
2567 2678 477 2478 3657 3647 2634 192 1336
84
244 87
3304 3090 535 4305 2824 2480 3397 1330
101
234 123
4789 4530 782 3119 384 25 2368 13
99
201 108
4364 266 2058 4165 3491 616
82
183 122
1009 3619 500 917 41 1913 4216 1016
97
141 133
3862 936 2152 3627 1488 814
80
178 157
449 4867 2251 4783 1572 3758 4850 3345 2499
84
217 180
1498 1378 400 2112 2231 59 336 1940
93
195 193
2740 2313 2534
100
173 169
2481 1370 3189 3511 4421 2207 4312 4624 429 1233
100
143 196
2606 1275 3665 2092 3167 202 1403 3126 3932 885
102
117 208
1845 4501 198 3497 3757 3281 1124 1229 2437 4449 4252 2948
101
86 223
327 1730 2455 2776 136 1639 4349 4447 3250 3355
93
103 250
491 3211 4886 57 3714 3366
89
86 276
2250 847 1258 2975 2138 762 3300 3000 443 440
87
52 255
1558 4809 179 215 577 514 4401 4669 766
51
44 265
4637 2345
98
80 288
1438 4311 4023 4104
61
118 271
9 2208 3067 2491 1716 4563 1265
40
73 232
3172 825 1113 4021
99
106 222
2444 4495 3123 2898 2671 4322
87
101 171
4599 2262 4345 4871 677 1349 3434
100
118 130
2853 1391 3608 101 439 1151 2701
85
121 163
4896 4934 4676 2 91 2378 2370 60 35 1589
97
101 180
3015 2473 949 3525 1535 4955 391 2971 2523
90
61 176
1890 444 3054 4131 3272 3746 3394 4433 1654
86
33 193
385 44 2597 2487 50 2787
89
16 237
4645 2061 2747 552 451 2943 870 4351 2472
78
3 211
1680 1236 1973 968
96
68 197
1997 1118 1390 2384
95
25 181
3003 2860 4902 884 2653
93
66 166
2988 431 2139 858 1712 3093 589 1257 1052
95
79 125
2881 1240 1202 4614 3763 4890 3806 214 724
81
50 100
941 1950 2249 625 649 1338 3598 3058
100
24 101
4715 4568 4261 1416 4717 4330 2907 3470 4951
87
6 58
4786 4240 3822 2101 1779 1129 1662 1767
86
30 28
2651 3346 4764 4623 1059 2372 4448 1222
91
27 9
561 370 1823 1138 4793 1643 2921 3751
67
47 11
4141 2614 2572 602 2636 1094
58
36 52
47 1780
98
38 91
522 549 2790 2084
86
59 123
3092 1921 1954 396 2279 1033 4575 993 2843
95
28 144
4849 2599 3344 3931 3628 2803 1740 4097 768
72
23 161
3870 4795 1843 1676 630 534 3638 3896
96
67 102
1342 1841 710 2986 144 605 1733 1802 4416
92
97 103
4758 502 1591 4077 2930 3935 3582
51
137 105
1992 2412 4814 4539
93
107 85
3921 4838 3247 3061 1875 518 4629 3437 1886 2781 3162
100
75 72
3684 4912 4754 2200 4136 3336 3828
60
73 28
1209 750 4198 2902
99
110 60
1575 3227 2886 3785 1288
18
85 168
3159 992
99
131 237
2229 1600 1536 2991 4127 592 3144
99
176 226
2284 3238 1787 2538 3393 17
101
199 233
3309 2754
93
155 233
1962 4799 4830 1549 2909 2371 4374 846 3031
92
142 270
2684 482 399 4678 3351 2699
79
128 184
618 4017 1543 381
63
181 180
303 1474 1615 1906
96
190 128
780 2877 1022 3232 1544
82
158 80
3228 4365 2899 3667
97
236 84
2238 2203 2687 1693 3312 2783 764 3145 4714 3486
97
263 53
3326 2493 4863 928 883 3739 3708 4769 2305 3618
101
251 12
707 1333 2946 360 3944 1927 1800
98
236 40
2622 790 4278 4922
80
273 48
2846 2820
91
230 76
1677 2549 900 4709 3867 4101 2170 1799
101
188 68
4317 4738 40 3983 693 2393 4474
100
175 38
2586 2490 4022 4965 169 4675 4325 186 1168
100
147 30
4396 1290 1328 3381 2530 3084 3325 3070 366
82
149 12
4888 4486 3553 3676 974
55
107 12
3825 4518 4414 882 4109 365
91
155 4
58 292 1846 4221
74
180 14
2932 3550 1044 1731 1627 1616 2579
93
250 139
3081 319 2155 3428 4775 648 2594
59
278 142
3450 4689 4010 345
101
273 100
960 4334 1467 1101 2423 4337 4887 4748 2696 2770
92
350 154
3080 280 2382 2348 4834 946 3089 2120 2291 356
101
357 185
272 43 2524 4585 3210 2758 3064 3924 1508 861
96
334 220
1531 4391 1888 1976 2683 2194 2590 4091 3156 4920 1894
95
334 242
238 251 3538 624 1253 4972 901 4043 4515 1884 1098
96
321 265
3057 3239 200 1337 2839 3733 2439 4341 1853 4825 1506
75
282 274
1050 1459 3160 3046 3098 4114 3402 328
97
287 290
1037 4067 765 2564 2514
43
353 263
1471 3782
91
315 243
3276 4272 1718 311 177
72
349 216
4649 3865 3734 21
88
416 215
3624 4225 1125 1574 646 4151 490 1710
92
421 181
2040 1436 4869 902 3620 3590 2131 3299
101
461 191
2111 1896 1163 1344 135 3456 845 1057 1897
93
448 200
413 2668 2497 3548 456 3555 2494
12
441 178
1046 1659
92
415 234
4591 4660 683 166 4353 2550 3783
100
374 256
3839 1808 604 4205 3179 717 4703 1075 3889 4363
98
355 296
1612 4310 174 3072 3488 807
102
361 314
3656 302 3014 1011 2844 2519 731
99
332 307
2502 488 871 3979 4788 4632 118 1203
78
329 343
2744 2268 3136 146 2160 1393 3105 2073 2113
96
362 359
2616 2342 4393 382 3850 4688 1243 808 3329
88
388 351
3229 2343 3960 3879 1985 1345 2765
89
423 338
4685 2280 4172 2796 1176 2826 4736 1534
96
384 338
2396 2809 1067 2109 4926
94
412 373
3392 126 910 4262 1444 2056 692 4377
101
414 409
4883 4075 4380 2266 2409 3207
95
420 395
1201 2410 115 3242 2773 299 1090 1170 3484
102
469 395
333 1380 536 4946 4773 3251 540
98
448 380
754 447 245 1638 1720 4047 688 2149 2868 863
96
473 364
3222 4156 1952 2488 4746 1496 3558 3516 2927
91
517 369
1061 4277 2569 113 2032 824 1173 2301 2240 2545
100
487 347
436 4760 2022 2424 3028
94
528 333
1657 3726 4155 545 213 2057 4702 417 4831
88
532 291
852 2872 1389 466 2531 1264 2722 4893
101
571 297
1105 2004 1938 2840 2117 3260 560 3401
98
580 249
1282 2247 3303 4257 398 2779 1607 2174 1489 221
98
562 256
2320 3171 1569 2086 1822 2235 430 1048
38
541 245
4185 3722 563
89
603 263
3547 1708 2053 553 10 4308 4392 4767
102
634 304
4957 4070 1455 2283 3648 2673 4729 4866 463
78
603 332
876 131 788 3819 3698
64
640 296
4657 4819 3894 4296 1369
79
621 301
4970 3116 3460 1577 4661 3104 4027 3176 286
77
577 310
3400 817 4832
98
613 257
623 1971 2377 1695 4280 4241 1394 1426 2081 335
96
641 211
3636 4428 3641 3999 76 2464 1970
75
640 237
3631 2883 1311 1828 4482 2337 643 740
88
516 332
2944 3482 288 796 2062
89
543 351
256 3998 3625 2934 1247 779 4817
92
583 338
2841 2801 3131 681 2189 295
100
531 354
2002 379 905 190 3515
95
492 383
3121 1267 1762 3130 4306 1062 4430 3122
97
521 423
3989 4435 2576 2617 2046 2703 1754 2091 1510 219 964 1387
97
492 434
4397 2532 2859 4358 4207 2285 2008 4354 3565 3410
98
472 473
3574 4822 1341 210 1585 282 3643 1368 2540
99
451 449
4762 1632 4749 2176 4956 4860
95
413 444
4600 3091 1899 595 242 3311 3632 12 4113 297
91
433 468
2069 1298 1007 4319 3788 3872 2375
80
416 501
691 4148 4199 2049 2127
100
389 473
6 4701 1732 2038 953 2026 2025 4801 4080
102
371 444
1793 1641 3899 83 1323 3193 3845 3187 4542 2938
35
352 465
3937 3858 1859 4140
100
367 429
1925 435 2352 2188 1139 4051 2041 4904
96
354 389
2182 3588 2071 3612 3152 4282 3135 4914
99
330 415
2142 2282 3742 2710 1696
57
325 376
3941 3805 1758 934 1747
45
376 440
2950 2187 627 371 2745
2
441 462
2769
97
522 456
3029 412 2945 1130 4093 1903 3756 5
85
555 486
2363 1660 181 896 3717 921
95
537 440
1460 2807 1998 486 4581 557 4573 3290 3502
96
587 438
1162 3037 394 878 4236 1259 3465 3283 1365
98
578 405
3012 1232 4212 3595 1051 3113 3399 4286 3212
63
602 373
955 2706 3768 1713 2198 3570
53
577 385
1132 3950 475 4528
87
609 415
3914 404 2818 925 3155 4503 3259 1989 1143
81
620 377
4472 4492 3496 1580 4859 1141 3964 3535 4745
99
637 352
4959 4864 4242 2242 2021 2786 4875 206 2652
91
644 342
632 4708 1573 1581 3920 1047 2446 4633 1068 2598
91
670 335
2894 4571 2658 4618 4490 4071 3958 769
97
706 327
1174 3221 3670 1933 3347 3672 3796 1371 3086 1724 4329 1363 1399 4087
101
696 302
1562 2422 2359 1996 585 939 1377 4777 1624 3459
100
669 300
4588 1892 4561 1951 4901 109
101
674 259
4523 3745 4455 4162 4413 3943 4659 2408 405 2122
55
673 240
4517 1809 3245 1596 3554
80
702 289
2816 2795 2516 2195 4726 4273
95
713 249
2910 1010 3761 926 3837 4815 3820 1385 285 840
97
715 225
90 1771 455
99
740 258
3936 3149 3654 4858
69
701 276
3269 2216 468
98
731 319
1089 246 106 2547 2851 4605 3023 1547 1107 434 505
94
769 317
2479 4621 85 1621 2690 984 3792 2471 1817
99
799 300
3384 4089 1352 3268 3767 3209 351 2218
99
781 261
918 2978 1889 4100 3668 2119 3094
87
782 326
795 3562 1619 73 4712 1289 1086
96
708 344
274 4763 4545 2767 658 956 3926
100
725 364
2276 4900 3052 3748 3532 1279 2116 2179 2347 628
2
740 334
442
96
622 411
2000 2804 2144 250 4929 2039 4546 2190 680 2584
93
662 389
68 2893 1937 32 3099 2173 869 2024 3060
101
699 376
4267 4451 3795 2192 2517 4644
83
670 401
1635 1183 2736 3474
95
643 419
1670 3987 2990 744 1300 919 2819 2413 3174
90
656 443
1554 152 1117 4525 1144 182 3675 1745 163 4304 1030 2186
75
681 451
2132 2331 3861 2805 1838 746 4781 4496 3777 1764
95
713 461
2244 470 4099 995 3566
77
657 466
3908 3476 3834 4718 3577
96
594 447
4230 3243 4892 173 1820 3341 612 2729 4422 4255 751 2369 1744
70
622 448
4802 3419 3343 377
79
572 429
4648 2274 3407 2784 314
71
533 431
2034 4911
94
566 460
457 904 1688 1705 2373 951 3529 1194 3614 4470
17
571 488
205 2560 2066
99
528 491
2521 1982 3721 3088 1186 1700 1205 2866 2692 1588
74
481 503
145 1805 1291 4350 3421 3032
94
491 519
3146 4829 4309 998 4160 4973 4741 2259
98
505 528
591 4171 1227 3223 2993 1519 4666 425 4881 3018 2528
74
536 539
935 583 829 544 1260 4178
86
506 553
2726 3439 1106 564 3573 794 1343 1583 785 4040
101
493 567
3342 4771 2177 3056 4895 2901 127 3528 2390 3348
91
520 608
2985 4590 4467 786 147 3414 4577
102
473 623
3273 4015 315 18 3214 3294 2035 3240
100
439 631
3543 3391 1045 4813 1208 2535 3527 4443 4613
95
394 625
1263 415 3881 1760 669 3356 3623 4700 3265
83
355 637
4352 4953 4204 1698 859 3660
101
353 625
2957 888 3765 2118 2662 3569 672 1752 2926 3991
68
351 593
2749 3802
87
390 637
2829 1207 574 312 842 3208 1761 1388
90
385 679
1277 3371 4326 2145 2591 3904 2580 1855 2676
96
422 693
2136 3458 1644 4411 756 4598 2628 821 761 832
85
436 653
922 2605 1916 2704 2463 1034
88
453 674
401 1719 4662 1413 2220 1768 1418 3154 3928 4271
87
466 676
4937 1769 2693 719 2397 758 1862 3049
94
447 702
2476 3051 4197 1782 1080
91
472 716
3842 4516 2014 4356 1521 1981 781 3375 4974
100
497 723
4686 2748 4792 161 738 4964 197 143 4332
98
471 753
3332 1604 484 2124 2513 386 4592 638 3994
87
485 764
2166 1863 3469 3010 886 1665 3873 4601 4283
95
522 751
909 4551 4921 2778 2956 4794 4691 2156 1065
101
570 730
2135 2401 2431 2134 570 1501 4105
92
550 753
3621 1861 4166 4975 1431 2137 2175 164 2340
91
560 789
3835 2667 525 1187 1026 3823 1525 2482 1347
84
584 771
3241 1815 4003 2304 1133 4069
97
618 792
3646 2997 4938 1941 1128 734 481 3871
65
609 761
4529 1837 4107 2856 3813
63
596 796
3218 3869 4323 29 341 3398 539 4130
90
556 770
3776 4192 1995 3291 3078 2705
63
533 723
151 4073 2161 4565
95
502 788
4487 3315 4318 97 2541 3275 639
58
468 796
300 3261 270 1099
93
499 703
3572 3800 1629 325 3477 4011 678 3905
79
500 661
3358 160 3293 397 787 65 3198 1738
46
499 645
3801 783 3165
97
457 686
1295 1776 1423 307
96
422 699
4734 1831 4259 4638 2303 2996 2168 1765
95
405 733
4765 2837 1308 4362 4962 647 1379 1774 3866
82
370 764
1429 3934 4463 929 3653 2755 4594 3025
57
341 787
70 448 4471 2602 1359 2660
89
382 769
2626 493 1966 11 3203 1073 1215 3891 1533
93
412 783
4873 833 621 3545 3922 2234 157 3519 3731
98
421 742
1315 2037 2716
63
445 785
3467 4307 1115 538 716
94
407 786
1879 3134 1213 4630 4229 1372 4298
101
368 745
4747 3095 749 3640 3433 1943 2711 1135
97
383 713
4460 1464 1699 4219 3603 2075 1560
96
350 677
510 1993 3085 4112 1929 2403
101
334 722
1864 1211 4851 2206 1254 1957 1883 4191 4064
99
317 752
3493 4508 253 4903 704 4164 3878 4012 1093 331
98
286 776
3055 2157 2202 3887 4005 4949 1396 1667 1664 1373 513
93
264 764
2496 4521 2751 701 14 2657 501 3083 3551 3830 527 4491
86
247 751
620 249 4054 4583 3338 650 52 1021
94
269 734
4656 2630 2023 4555 596 372 2574 4899
95
294 705
2457 2548 3233 4744 2964 2079 565 4681
97
279 669
2674 4642 84
39
278 734
1818 3622
35
257 784
298 800 2097 733 771
61
283 754
3949 2904 2309 71 3709 4168
87
323 757
1778 1832 16 2897 4355 2669 931 3546
94
313 735
4367 3390 4146
97
328 700
4382 2863 2468 117 3442 682 944 81 4108 1415
90
302 680
450 3296 207 2664 4375 2582 216 433
98
334 691
1023 1935 3537 4295 2360 622
92
357 654
4840 1013 3521 742 1166 124 965
95
397 659
3480 3114
100
416 612
3818 4798 310 3601 4055 889 4402 2272 4385
100
447 595
2003 3333 3650 414 3194 575 1867 2797 4730
75
424 564
4706 4244 660 2994 2578
80
411 600
3972 3663 22 2292 2001 1119
93
523 586
3976 1214 4206 3503 1915 4743 291 3695 4436
99
555 565
3514 4800 4378 1622 1231 3216 4118 1167 3169 3378
99
581 541
4232 3923 1412 301 1751 1571 3997 2095 610
71
552 521
1038 1653 2727 4509
100
586 513
4976 4606 1613 2294 2589 30 287 1005 4106
101
586 549
3770 3669 2417 2072 4031 3544 4735
95
580 591
3816 2559 2640 4803 963 2989 2239 3178
96
606 561
2682 4968 1851 1854 1453 4194 1335 1326 3907 1491 2891
95
625 538
3103 2814 77 4238 2974 3539 1053
99
651 550
3444 4028 1960 3942 2848 3780 4287 4961
98
689 537
3992 2980 1294 666 4837 4609 2522 3735 2973 2374
102
704 513
3423 1645 4502 1505 4083
98
666 514
3939 690 3448 1942 2197
11
639 499
3996 4152
99
660 558
1356 4856 3485 4315 2613 4971 4811 4218 3568 2420
85
699 586
3044 3425 4628 4519 4610 4627 2596 4612
82
714 618
1821 4250 1522 3560 55 2264 4290 4025
89
729 602
1636 1873 4441 4945 3659 1824 1278
95
686 558
1880 1082 3047 3530 4469 191 4211 80 4549 268 3988
82
728 557
1983 2404 559 476 739 3571 4658 4848 1406 2717
86
756 576
1795 3857 2515 1984 2228 258 3432 283 3024 2639 1631 4215
93
799 586
3062 1043 3860 2299
95
773 553
2045 3183 3376 2764 158
68
766 608
4923 1801 4776 2593 2143
101
751 550
3915 3369 2169 4321 2033 2544
92
717 535
155 873 1582 945 4153 98 2419 149 1000 3490 4066
84
742 507
93 4731 1102 4442 743 2355 1299
93
782 522
1756 3498 1922 1468 1358 1312 1324 1878
86
788 537
978 2426 930 4948 2462
89
783 507
3729 675 1530 1069 2903
102
773 476
3175 932 4078 347 4723 966 3913 3331 663
93
736 467
2353 2078 3702 4476 107
90
783 453
1552 3831 3427 2733 3278 1553 1527 3512 4344 2287
98
770 445
105 784 428 2672 392 479 4462
97
750 404
1495 1628 608 2006 220 1746 2504 3101 3170 1114
99
737 431
2757 1610 4076 2995 4314 3581 686 3461
99
699 418
1608 2624 2570 1590 1934
95
756 392
176 1235 406 4217 4877 132 3808 3424 2906
100
781 360
1486 862 797 581 2015
64
799 360
1682 1192 277
63
766 400
1656 4977 2107 3754 4000 1652
54
756 380
578 4935 1788 791 2566
94
757 472
227 864 2151 3455
73
789 478
3182 2255 4446 4180 193 3859
73
733 503
1563 162 1171 2440 1035 997 3313 3151
51
711 571
1160 803 2051 2638 1017
96
610 596
453 3693 2470 2191 3719 46 3910 1400 819 3838
100
582 618
3107 4425 1327 4030 4424 986 1634
99
540 624
4570 3256 2289 1833 890 3042 4048 813 4908 653 2154 508 3192
88
557 652
3157 1518 1687 1858 520 1354 1078 2852 3586
100
582 666
4035 2064 509 3629 730 920 2922 4535
89
599 708
2707 2888 4797 2791 2695 2822 3755 1310
95
618 730
4389 1441 4812 3374 4245 4652 2730 3704 4303 3606 1245
94
636 748
320 4226 2159 4335 2315 469 1321
98
668 778
1953 1742 1663 3686 3901 838 4348 1392 4184
90
679 757
2555 1221 4234 654 2221 1691 2987
76
682 788
49 4664 4133 383 281 42
91
652 788
4532 4289 1008 2505 53
101
644 724
1538 3071
66
598 718
2847 4256 4263 376 1397 4668
58
600 684
2620 4894 2465 4913 3645
100
581 658
3452 2793 1593 1739 3420 3236 3966 4026
76
619 665
1681 2007 1500 2821 2981
99
535 647
1678 1539 3952 4193 4394 603 2648 4050 4210 2391 1847 1256
96
544 695
2735 95 4586 584 4942 4807 2677 990 2400
43
522 642
2666 3810 3655 4339
94
576 637
3652 2537 809 26 1058 4343
94
616 603
3505 4960 831 1223 2936 4209 387 2461 3217
99
642 604
4847 1928 4930 1671 140 2407 1770 2376 1877 2568 2467 664
90
674 619
344 4626 827 3616 3499 120
102
638 652
3716 659 89 1296 855 1271 4833 767 2887
49
621 626
2354 3995 703 3161 3711 1028 4808
93
651 661
2288 2697 2224 2849 3 4636 642 2575 3651
93
688 649
3188 3980 2800 4190 175 2269 4547 1350 2201 4406 985
79
715 666
4558 4301 1969 4202 799 4673 2768
99
737 682
1958 3840 2917 296 2709 313
87
702 681
3981 1723 1116 3059 1384 933 2642 2823 3817
99
668 685
133 830 2952 294 2962 1684 241 1083 2641
2
657 710
1686
91
708 658
973 1557 4828 3895 4576
81
742 644
1603 3649 1814 3009 1480 2925 2432 2225 2217
80
780 653
1704 805 1306 1963 4213 2833 154 2753 2728
49
780 628
168 2453 1605 2223
97
755 670
1748 4135 3509 2043 723 4144 3955 2815
101
790 683
3415 4483 3406 1036 130 1692 28 3330 962
102
781 727
4444 4338 1303 1618 4597 3370 4115 607
92
763 701
2835 4757 2961 418 1540 3977 4560 4740 4504
89
774 741
2827 66 1405 4188 2788 4928 1122
79
770 790
523 1614 572 3967 375 1428 1849 1520
88
780 752
4466 1383 4299 2334 1763 4019 4347 3637 244
84
800 796
1856 1427 835 204
99
756 738
1784 4836 3153 1910 2635 3079 195 1355 3909
90
728 711
3798 4684 2702 4034 3658 2588 4053 1189
58
702 732
2128 2611 3150 2163 409
95
744 744
1986 2615 950 362 390 2456 3789 2834 1424
89
720 771
4154 1177
2
784 700
3786
84
693 637
1766 4557 3016 3662 662 1198 614 4710
24
535 600
3903 4404 2009
101
484 554
4732 2951 3422 1947 4182 1826 3772 4879 4445 4161
98
459 562
330 218 3286 3880 718 353 1002 579
65
478 590
239 1305 2539 3138 225 1736 4438
86
476 565
841 4126 1466 222 1481
95
450 521
2507 4855 3082 3564 142 2335 812 24 2108 4562
101
425 533
4593 495 3111 2267 2542 2960 3605 4386 1238 1640
100
378 535
4536 2435 3254 1840 3027 1461 4796 3403 2307 2501
80
392 569
187 3002 1977 2536 1286 4698
94
350 568
1868 2714 3204 3322 211 2694
101
374 524
2204 598 1473 4189 4843 4909 261 34 732 2005 1798
94
334 503
4147 4072 2222 499 2977 234 1507 1649 2445 2257
93
306 481
1503 2830 4158 1679 4419 912 2698
98
286 458
2036 802 702 1978 2603 741 1244 3133 1066 2082
89
284 452
373 2321 3690 1839 763 1301 3441 3115 1524 687 1042 3890 2405
93
283 416
4722 3471 1609 3713 3429 3365 1157
95
272 368
3213 2595 4403 4249 4870 752 2454
101
237 364
1454 3885 4631 942 4361 4041
91
241 321
2503 3691 3473 3728 4978 1121 3531
86
228 349
3177 1155 2762 2387
102
282 375
849 45 2180 555 2429 775 1411
90
232 387
887 3301 159 1759 4690 3405 3244 3013
100
188 413
3263 1339 562
101
238 423
3191 4854 1727 517 4835 2085 3706 1611 2850 4947 576
102
240 437
3140 2880 2199 2918 2295 3041 446 609 74
91
202 456
3699 4062 713 2485 1869 3799 3112 3954 3382
94
194 469
1726 3536 2406 4088 2380 3454 1715 4774 4485 3017 3688 4432 4288
101
181 459
2510 424 3736 1110 2324 427 3694 793 411 3812 1003 4853
87
139 470
957 497 4865 3501 4167 82 2526 4429
98
134 433
3848 2178 673 2734 958 1360 122 747 1711
78
150 396
4915 3929 2090 2213 915 4559 2172 1386
49
151 375
3282 2099
94
134 425
2366 546 4780 3730 1819 3379 1511 2864 4548
99
95 417
4479 1273 3855 318 1555 4384 2322 1901 3125
90
66 385
3963 248 1421 1325 519 3517 2759
72
30 387
1077 837 2483 254 1689 1287 1159
94
5 423
3747 3507 2385 3844
87
33 425
3321 777 3270 3007 2158 1241
80
76 446
2495 364 4707 1149
78
52 429
1320 3973 2838 332 4695 981 991
87
10 452
3317 567 2296 4692 223 1398 938 4791 3888
37
5 488
651 907 3506 1156 4129 4224
77
7 386
3043 3040 1871 2914 4243
71
54 394
3724 828 224 3132 722 4284
78
78 373
4906 2293 4203 2625 4641 969 844
97
65 334
3372 1900 4291 2351 1237 1772 485
85
43 340
2492 3377 881 4340 4196 2500 3938 1537
100
35 312
153 33 4705 4810 3886 737 4768 3385 1655 983
98
21 270
3681 2633 2792 1566 4852
79
50 297
67 4778 4359
93
1 313
798 2237 4553 2148 2438 1060 645 1362
95
59 360
2942 2858 3744 420
94
101 403
1032 504 4635 1674 110 87 3258
91
80 424
1602 3063 4346
81
161 445
1408 3759 4281 3360 3882
96
159 491
1274 1918 2094 4889 4274 2278 2227 1456 1783 4276
96
179 531
4713 3985 36 679 1430 1446 891
89
209 548
1721 3940 971 167 4759 4239 467 1031 4453
95
217 568
4336 600 2433 2929 637 3277 4538
96
157 511
342 257 259 3225 407 2310 1974 2219 1164 1930
98
137 547
4604 3579 4640 3630 3589 1434 1483 4918 4646 4943 4761
91
138 588
1924 3779 3847 822 554 2935 358 923
69
110 559
2766 1448 4102 507 4556 264 2663
73
102 596
3580 3947 3678 537 2712 2953 1914 3180
86
72 580
1606 4461 4534 1777 2937 4258 2760 4247
100
44 556
3363 269 2421 2785 2068 3925 816 1812 3036
85
9 535
2511 3253 2756 2713 4742 4376 4544 4537 2581 265 634
85
26 507
2098 2317 2314 494 4125 4619 86 2215 3288 3829
93
71 512
2210 4898 3339 1414 895 3644 4186 4931 1084 3523 4060 851
83
45 537
1248 1055
83
40 514
1857 3395 217 3359 3435 4068
91
63 477
4059 1145 4654 506 461 243 3897 2245 2442
100
113 485
1410 4029 1109 3314 3853 4578 4440 103 343
90
107 468
1542 1541 3065 568 3305 3200 4878 3642
96
91 492
999 3147 987 201 4665 3053
96
69 495
4554 3677 2083 3689 178 4039
92
2 544
1860 4465 1703 2080 4940
101
30 582
2063 1463 4527 3883 892 1272 3597
76
72 599
1283 1945 1673 111
97
144 598
1482 3279 1225 2732 4520 363 868 2529 3917
97
188 582
4753 3008 2629 4013 2349 4574 1019 1964
94
170 605
3696 460 694 854 3710 4001 631 3271
101
185 649
2418 3703 879 1785 3804 2332 388 3508
100
204 691
3197 3266 1056 2070 4399 1975 1672 1749 1204
90
219 663
2121 4081 1250 3109 3680 4222 1835
97
219 627
2533 2258 1874 1131 2029 606 4752 1014 1064 1904
40
219 596
4682 2810 1200 2484
16
229 632
3045 3364 4360 293
100
234 699
3898 2260 2162 4407 2527 3143 402 56 2774
84
213 740
1956 3592 1120 3120 492 2103 3900 2019 3965
94
179 740
2326 3740 2592 2612 2140 1318
92
214 759
267 1462 3224 2752 189 378 3148 3701 3827 2855
94
225 788
533 100 619 369 2350 354 1457
87
245 690
2270 2842 3048 3190 3567 1158 3195
88
253 680
1206 3108 2399 3775 4506 550 4415 4320
100
257 633
4967 2739 1126 4905 4400 641 1485 2655 4857 2297
89
274 607
4065 324 4228 1586 4564 1242 2573 1142 2688
96
287 611
3673 3417 1181 1988 856 321 4103 4580
82
326 619
63 2686 2388 395 2346 1445 2214 1576
100
288 599
2458 3707
102
268 647
1316 4150 4324 2782 597 4846 1617
96
169 655
2042 2395 2243 3725 1626 1725 2865 1165 4944 4417
94
147 660
2212 260 4884 3541 1786 2992 4826 4699
87
118 631
1592 4842 2983 521 473 3352
90
122 661
4357 92 3361 2546 4885 2338 1281 1646 2561 3386 1709 503 1367
99
148 676
2794 2443 2153 1690 2565 1959 1781 4195 3687 1184
82
187 703
4512 3679 1516 3353 924 4275 2133
93
144 703
3302 2913 1931
100
110 660
2761 897 1601 4874 1409 1103 352 4074 3340 3487 3475
100
97 688
3843 4061 4014 4328 247
85
51 690
2647 1870 4098 2325 3440
102
102 673
237 4042 2074 4294 2718 3220
100
66 648
1465 1152 2430 3513 4478 4331 2232 1827 252
2
103 624
334
96
49 644
1911 2789 1193 1004 4082 1919 4008 1876 898
86
3 645
801 748 3164 2425 3576 1472 820 2323 848
97
14 610
4607 3483 2916
101
24 650
1994 1912 2879 4049 4841 823 1939 4697 3323 3809 980 1990
85
34 692
2656 3518 3760 1251 1509 4966 2233
74
32 718
1097 3215 4333 2931 1587 2087 755
89
28 753
1620 2832 226 850 1182 2659 811 2806 1881 3750
98
60 786
1136 3408 459 3173 3635 667 1979 4018
102
55 755
4936 441 1074 3117 1404
62
40 750
4134 3118 2811
99
46 717
232 699 4121 4755 1319 2959 1735 952
98
69 738
2949 3753 8 1340 689 1012 2562 4157 338 3005
92
104 706
1830 4475 487 4456 104 4941 2708 1755
77
141 725
3727 102 1297 1492 4719 1475
88
93 741
1630 2645 698 3864 1199 671 2130 3006 1395 656
91
118 762
2044 3609 2165 3851 3583 2689 3557 1548
100
147 791
558 3794 3587 2939 3168 880 2915
93
135 767
3927 1470 4643 2361 906 4488 1210 696
96
114 775
2845 1147 3607 4096 2356 4086 4845 1722 4489
28
86 796
4024 4932 4616
88
106 726
4651 668 4704
95
39 633
2604 4622 4671 4494 4181 1683 684 1804 2319 3201
25
48 607
3235 2226 271
73
61 659
3129 3226 3110 4603 289
98
196 628
1216 3050 432 4880
80
128 578
2271 125 3945 2416
87
154 541
3697 2871 4552 2093 927 866 1228 2551 982
63
122 540
134 1422 937 3911 4063 2979
2
137 500
860
99
193 490
4620 894 1526 1443 3068 4821 903 1402 1417 4056 4511 3074 2065
2
216 525
1111
85
225 463
2737 4728 279 3264 4674 736
74
273 475
3504 548 4038 3077 1792 1517 4235
56
221 470
3875 776 2027 4927 1442 4369
2
246 435
2205
98
217 383
464 273 3841 3884 1450 188 276 1437 3982 4117 2185 725
87
189 367
123 2300 4481 4724 1001 4313 2583 3593 2723
90
215 337
2076 121 617 516 1018 2077
97
179 319
2831 1502 4823 4787 3127 2661 3863 2725 1902
86
154 351
1701 4300 2052 3280 590 4510 1246 3556 2900 4170 4395 4526 806
93
133 332
3832 3431 2681 1439 1697 1737 337
74
145 288
3971 4602 4667 914 4952
95
134 316
1806 626 3319 1230
88
105 339
967 2892 3066 644 326 2246 3020
99
99 300
3426 1313 3320 1269 1366 4531 1773 2104
60
67 310
1948 454
37
120 327
893 4 3769
73
171 329
2607 1087 1882 1694
99
181 289
483 2114 208 3449 54 3185 2328 348 1648 3814 2556 4459
83
223 273
1968 393 38 2963 3892 4120 3611 3463 2474 3453
57
204 308
989 1895 2984 1049 1302 3262
74
235 285
1196 1584 2449 2608 3664 3685 4431
84
268 287
4772 2610 2012
95
236 251
4124 4750 2357 588 4373 474
100
227 238
2870 3479 1750 4409 39 4617 3552 4246 3919 726
98
249 214
1104 2290 141 4237 4663 1905 3436 874 3591
93
248 222
4009 4720 1346 194 2665
54
250 176
4251 1559 1329 4139 2525 4366 1070
7
211 212
1898 2428
49
248 254
2817 4916 2825 3876 1185 4687
53
204 269
4458 2649 1178
92
198 337
4924 4175 3578
56
232 377
1545 380 438
77
338 491
4727 2585 1348 1020
102
373 493
2336 3255 4766
100
354 538
119 2402 1865 4647 4816 329 1476 4132 4174 3289
102
308 530
498 3773 1493 4079 2055 4285 183 3807 171 826
90
261 518
1440 1255 458 128 3683 112 3674
100
257 539
729 4381 1556 2867 3902 3930 4292 2509 1825 2256
95
275 566
4173 3412 240 3671 2571 3893 4372 3715 196
45
308 573
4524 3137 4839
77
265 557
3743 3034
63
272 514
322 2263 426 1234 4137 4327
101
306 538
2861 3856 2724 4297 3639 4269 4020 4782
83
296 537
1565 2905 2675 2680
2
340 542
1309
90
409 517
988 78 3984 2621 2920
2
442 536
543
95
495 494
3389 3559 3738 2600 629 979 139
33
529 501
317 2311 2252
67
511 434
1123 530
72
488 394
1025 3451 1285 2105 1836 2966 3833 1932 3030
99
517 382
180 2543 4387 4427 834 1088 3933 2150 48
99
554 381
3494 389 1432 4033 2772 2836
63
533 414
3600 3284 582 4716
21
382 373
3163 410 3087
101
323 320
2623 1054 3196 3411 2164 2557 1220 1268 2885 4868 1568 1810 3368
101
289 331
1829 1797 2389 4891 4679 3617 2780 745 569 350 2059
66
303 383
2919 3158 1262 2895 416
99
292 359
2475 3723 4507 3520
63
295 307
403 2448 1551
81
351 292
4110 4057 4052 1180 323 2016 1848 865 290
74
376 242
2281 3682 1364
101
420 240
2715 3418 1072 4589 1029 571 20 3584
95
413 274
913 3526 4876 2110 1650 4587 818 3166
95
412 313
1179 4824 3993 2644 229 1528 3749 199
94
458 297
231 170 2982 2947 3524 551
98
441 285
2520 3306 961 3948 2141 4505 2970
87
475 265
2330 3956 4388 1375 4004 165 1293 255
98
492 310
3396 4006 2563 3575 1807 2743 2685
50
503 292
2365 2828 3404 2857 4036
100
478 258
636 1040 4650 2508 1249 4138 3978 2466 1420 586 4680
96
507 251
2344 64 423 1484 2434 3720 526 2193
71
505 270
4370 2415 1796 1024
97
460 256
209 4514
35
404 289
3252 2742 1407
43
449 249
1567 2318 774 640
33
499 206
4497 3206 1331 3534
116
533 153
1452 2775 3334 3815 3836 2312
50
558 90
1965 1834 1685 2632 4693
