236
300
256
620 10
1 4861 3604 3231 4493 528 4426 2862 1633 2106 1893 4145 3718 1844 3102 4342 3626 445 3096 3267 1322 3106 524 1252
156
637 97
4149 594 3975 1811 2802 1728 4696 1172
234
566 60
1923 2808 587 4608 685 3350 2308 676 757 1734 4116 4872 2812 1532 4159 2771 4163 1150 4418 4200
375
589 18
1852 3877 4615 3953 4085 1794 2741 3468 4398 4007 959 573 3613 1197 2958 1685 1834
210
552 111
4969 1137 2775 3334 1071 2362 4522 2908 1063 304 3489 233 1561 3764 1594 1452 1006
230
520 185
408 4390 857 3542 3443 4827 2553 2643 3854 994 3445 3563 262 1717 3492 3019 1226 2329 3100 3478 437 3139
263
506 135
593 2489 1803 3970 2306 3038 1382 2441 184 4751 3466 4596 4368 263 3791 2451 3248 7 278 1224 3021 3380 2813 1999 3596 3349 2452 700
251
547 72
2436 138 346 4176 1753 3821 4566 2450 1081 2911 1195 3181 62 2875 4639 2854 2506 3141 2273 3968 306 728 2028 1469 4925
221
491 26
759 1381 3500 3285 419 2115 1499 2381 3961 760 1980 3712
424
493 130
4371 4694 2577 465 4279 4595 843 1741 1100 3852 3383 1523 4260 4933 1944 3234 4625 2129 697 3797 4737 2654
239
555 209
2967 4844 721 2746 877 3849 2241 1967 3633 2940 275 3969 3075 4214 3128 61 2798 309 3959 720 3778 2469 2799
277
618 164
3457 872 633 804 1219 3362 1623 1334 3666 4095 943 4672 1127 15 547 1266 3916 1332 867 3946 129 2896 529 27 489 2933 228 1550 4058
299
649 146
1675 4002 137 3510 2731 4818 599 1658 4179 4897 1447 810 3957 3990 3634 4569 172 2265 657 2316 2552 3561 2691 4550 1529 1887
299
740 99
2998 556 3307 1449 1757 2146 4917 1112 4655 4785 4233 4733 4270 541 4567 711 3781 652 1813 674 1949 948 3387 236 2236 1304 4683 2392
291
766 44
3790 368 2873 4963 2670 661 3549 3230 1987 1920 88 1188 3918 4779 665 2018 355 284 875 1153 3199 4383 977 1597
297
769 21
2738 2601 3033 1401 2955 2147 1096 1487 1478 2679 4725 1666 1564 2358 1217 19 2874 2230 1154
299
705 39
972 150 4454 1908 2650 4477 3076 4540 1599 4405 1885 1842 2941 4208 3752 2017 2010 4223 2427 4804 4572 839 3186 1743
296
641 26
2298 2869 79 2976 1595 1091 615 116 3295 4302
300
732 89
3533 3292 1419 3447 1357 531 2088 4016 2261 462 4268 23 4452 422 4201 1433 1661 4177 3328 709 2969 3481 75 3310 580
294
783 141
1161 1284 4044 1292 96 2031 472 1140 1169 2248 31 705 3986 3318 114 4464 1651 715 1668 3811 4579 1972 1435 853 3787 4128
300
794 172
512 4231 4784 2047 361 3097 349 4410 2333 3846 4316 4187 1669 2878 815 4954 4169 2209 1637 2383 1095 1504
292
737 194
452 2181 1961 4046 908 1239 916 1351 1991 1076 3257 1307 3741 3004 2763 3416 1148 3602 975 2890 357 359 94 2460
215
679 168
2379 4122 3287 899 2196 305 2554 2386 1570 1515 4423 613 471 3409
451
607 133
712 772 1936 3615 3205 2459 1706 3446 3337 2954
289
488 219
2876 2637 3737 1458 4037 940 4253 4420 3357 2720 1926 3026 374 1376 3803 3011 3373 4907 4513 3069 1146 566 3762 1775 996
301
385 216
2275 2253 2414 4711 3298 2394 2125 235 792 1513 1917 230 1092 4248 316 3202 3219 2050 1514 1872 308 1451 2882 4437 1642 4611 3472 2719 3599 1134 2884
286
385 132
1276 4670 2618 727 3039 2277 2184 367 4499 2011 3912 4500 1175 2096 4473 4408 3354 69 2631 2609 2123 3826 1280 4293 185 532
271
382 60
148 2486 4183 3610 2928 2512 2398 3585 1314 3438 4950 542 4806 3324 2367 2923 601 4498 1190 3906 3316 4264 4032 1425 1707
297
314 100
3700 99 4582 4677 1647 3430 3774 1270 3246 1353 1789 2777 3327 3594 2912 4882 4653 1027
299
341 30
1479 3705 1085 3249 4265 4457 4634 4721 1191 635 2013 2254 3874 37 2972 3073 4090 1791 670 2646 3001 2286 3784 4142 3540 2030 2171
291
355 24
706 3184 1212 2020 1015 3308 3413 3692 2364 2327 2302 2102 2067 2054 3335 4958 789 4111 2924 3462 970 4439 1909 1866 611 51
285
442 79
2167 4910 3868 3951 2587 1891 496 1490 3661 2627 2126 1497 2411 1955 4790 2889 4584 3124 1946 4739 2700 1816 4805 2089
251
435 47
3793 1625 4450 340 2447 1041 2477 4123 4770 3035 4480 1477 2518
219
367 1
2721 1850 3388 4756 778 1907 2339 4820 515 156 3962 3297
249
406 150
3824 954 478 1108 511 3732 4227 4220 3766 1702 836 2341 770 4939 108 2060 4045 1512 947 1218 695
299
361 167
4541 1714 203 1361 1079 4119 911 1598 3022 753 2750 4266 1578 2968 1261 3495 3974 4533 3237 3274 735 4434 480 4143 4862
299
284 163
4412 339 2048 1374 1494 4484 2100 3142 4254 708 4543 2965 2558 1039 2211 2999 212 4919 3367 714 655 2619 2567 2678 477 2478 3657 3647 2634 192
286
251 96
1336 3304 3090 535 4305 2824 2480 3397 1330 4789 4530 782 3119 384 25 2368 13 4364 266 2058 4165 3491
298
158 115
616 1009 3619 500 917 41 1913 4216 1016 3862 936 2152 3627 1488 814 449 4867 2251 4783 1572 3758 4850 3345 2499 1498
302
222 178
1378 400 2112 2231 59 336 1940 2740 2313 2534 2481 1370 3189 3511 4421 2207 4312 4624 429
298
138 190
1233 2606 1275 3665 2092 3167 202 1403 3126 3932 885 1845 4501 198 3497 3757 3281 1124 1229 2437 4449 4252 2948 327 1730 2455 2776 136 1639 4349 4447 3250
299
92 252
3355 491 3211 4886 57 3714 3366 2250 847 1258 2975 2138 762 3300 3000 443 440 1558 4809 179 215 577 514 4401 4669 766 4637 2345
248
80 288
1438 4311 4023 4104 9 2208 3067 2491 1716 4563 1265 3172 825 1113 4021
299
106 222
2444 4495 3123 2898 2671 4322 4599 2262 4345 4871 677 1349 3434 2853 1391 3608 101 439 1151 2701 4896 4934 4676 2 91
279
140 154
2378 2370 60 35 1589 3015 2473 949 3525 1535 4955 391 2971 2523 1890 444 3054 4131 3272 3746 3394
283
42 195
4433 1654 385 44 2597 2487 50 2787 4645 2061 2747 552 451 2943 870 4351 2472 1680 1236 1973 968
298
68 197
1997 1118 1390 2384 3003 2860 4902 884 2653 2988 431 2139 858 1712 3093 589 1257 1052 2881 1240 1202 4614
287
71 109
3763 4890 3806 214 724 941 1950 2249 625 649 1338 3598 3058 4715 4568 4261 1416 4717 4330 2907 3470 4951 4786 4240 3822 2101 1779
296
22 44
1129 1662 1767 2651 3346 4764 4623 1059 2372 4448 1222 561 370 1823 1138 4793 1643 2921 3751 4141 2614 2572 602 2636 1094
296
36 52
47 1780 522 549 2790 2084 3092 1921 1954 396 2279 1033 4575 993
294
42 147
2843 4849 2599 3344 3931 3628 2803 1740 4097 768 3870 4795 1843 1676 630 534 3638 3896 1342
301
66 92
1841 710 2986 144 605 1733 1802 4416 4758 502 1591 4077 2930 3935 3582 1992 2412 4814 4539 3921 4838 3247 3061 1875 518 4629
281
97 59
3437 1886 2781 3162 3684 4912 4754 2200 4136 3336 3828 1209 750 4198 2902 1575 3227 2886 3785 1288
291
85 168
3159 992 2229 1600 1536 2991 4127 592 3144 2284 3238 1787 2538 3393
227
190 239
17 3309 2754 1962 4799 4830 1549 2909 2371 4374 846 3031 2684 482 399 4678 3351 2699
301
128 184
618 4017 1543 381 303 1474 1615 1906 780 2877 1022
291
165 93
3232 1544 3228 4365 2899 3667 2238 2203 2687 1693 3312 2783
280
260 55
764 3145 4714 3326 2493 4863 928 883 3739 3708 4769 2305 3618 707 1333 2946 360 3944 1927 1800 2622 790 4278 4922 2846
300
230 76
1677 2549 900 4709 3867 4101 2170 1799 4317 4738 40 3983 693 2393 4474 2586 2490 4022 4965 169 4675 4325
298
151 29
186 1168 4396 1290 1328 3381 2530 3084 3325 3070 366 4888 4486 3553 3676 974 3825 4518 4414 882 4109 365 58 292
239
182 30
1846 4221 2932 3550 1044 1731 1627 1616 2579 3486
294
250 139
3081 319 2155 3428 4775 648 2594 3450 4689 4010 345 960 4334 1467 1101 2423 4337 4887
300
286 61
4748 2696 2770 2820 4092 3080 280 2382 2348 4834 946 3089 2120 2291
298
333 140
356 272 43 2524 4585 3210 2758 3064 3924 1508 861 1531 4391 1888 1976 2683 2194 2590 4091 3156 4920 1894
292
334 242
238 251 3538 624 1253 4972 901 4043 4515 1884 1098 3057 3239 200 1337 2839 3733 2439 4341 1853 4825 1506 1050 1459 3160 3046 3098 4114 3402 328 1037
279
281 293
4067 765 2564 2514 1471 3782 3276 4272 1718 311 177
298
349 216
4649 3865 3734 21 1579 3624 4225 1125 1574 646 4151 490 1710 2040
291
430 186
1436 4869 902 3620 3590 2131 3299 2111 1896 1163 1344 135 3456 845 1057 1897 413 2668 2497 3548 456 3555 2494 1046 1659
300
415 234
4591 4660 683 166 4353 2550 3783 3839 1808 604 4205 3179 717 4703 1075 3889 4363 1612 4310 174 3072 3488 807 3656
290
360 320
302 3014 1011 2844 2519 731 2502 488 871 3979 4788 4632 118 1203 2744 2268 3136 146 2160 1393 3105 2073 2113 2616 2342 4393 382 3850
297
374 386
4688 1243 808 3329 3229 2343 3960 3879 1985 1345 2765 4685 2280 4172 2796 1176 2826 4736 1534 2396 2809
298
399 368
1067 2109 4926 3392 126 910 4262 1444 2056 692 4377 4883 4075 4380 2266 2409 3207 1201 2410 115 3242 2773 299 1090 1170
295
459 391
3484 333 1380 536 4946 4773 3251 540 754 447 245 1638 1720 4047 688 2149 2868 863 3222 4156 1952 2488 4746 1496 3558 3516
299
511 372
2927 1061 4277 2569 113 2032 824 1173 2301 2240 2545 436 4760 2022 2424 3028 1657 3726 4155 545 213 2057 4702 417 4831 852 2872
252
537 282
1389 466 2531 1264 1105 2004 1938 2840 2117 3260 560 3401 1282 2247 3303 4257 398 2779 1607 2174 1489 221 2320 3171 1569 2086 1822 2235
292
552 242
430 1048 4185 3722 563 3547 1708 2053 553 10 4308 4392 4767 4957 4070 1455 2283 3648
289
619 321
2673 4729 4866 463 876 131 788 3819 3698 4657 4819 3894 4296 1369 4970 3116 3460 1577 4661 3104 4027 3176 286 3400
298
603 282
817 4832 623 1971 2377 1695 4280 4241 1394 1426 2081 3636 4428 3641 3999 76 2464 1970 3631 2883 1311 1828 4482 2337
267
655 228
643 740 335 2722 4893
273
516 332
2944 3482 288 796 2062 256 3998 3625 2934 1247 779 4817 2841 2801 3131 681 2189 295 2002
302
513 379
379 905 190 3121 1267 1762 3130 4306 1062 4430 3122 3989 4435 2576 2617 2046 2703 1754 2091 1510 219 964 1387 4397 2532 2859 4358 4207 2285 2008 4354 3565
301
480 462
3410 3574 4822 1341 210 1585 282 3643 1368 2540 4762 1632 4749 2176 4956 4860 4600 3091 1899 595 242 3311 3632 12 4113
287
427 459
297 2069 1298 1007 4319 3788 3872 2375 691 4148 4199 2049 2127 6 4701 1732 2038 953 2026 2025 4801 4080 1793
296
362 439
1641 3899 83 1323 3193 3845 3187 4542 2938 3937 3858 1859 4140 1925 435 2352 2188 1139 4051 2041 4904 2182 3588 2071 3612 3152 4282
299
318 399
3135 4914 2142 2282 3742 2710 1696 3941 3805 1758 934 1747 2950
158
377 436
2187 627 371 2745 2769
299
522 456
3029 412 2945 1130 4093 1903 3756 5 2363 1660 181 896 3717 921 1460 2807 1998 486 4581 557 4573 3290 3502 1162 3037 394 878
291
596 416
4236 1259 3465 3283 1365 3012 1232 4212 3595 1051 3113 3399 4286 3212 955 2706 3768 1713 2198 3570 1132 3950 475 4528 3914
282
611 408
404 2818 925 3155 4503 3259 1989 1143 4472 4492 3496 1580 4859 1141 3964 3535 4745 4959 4864 4242 2242 2021 2786 4875 206 2652
297
644 342
632 4708 1573 1581 3920 1047 2446 4633 1068 2598 2894 4571 2658 4618 4490 4071 3958 769 1174 3221 3670 1933 3347 3672 3796 1371 3086 1724 4329
299
711 299
1363 1399 4087 1562 2422 2359 1996 585 939 1377 4777 1624 3459 4588 1892 4561 1951 4901 109 4523 3745 4455 4162 4413 3943
286
666 250
4659 2408 405 2122 4517 1809 3245 1596 3554 2816 2795 2516 2195 4726 4273 2910 1010 3761 926 3837 4815 3820 1385 285
297
704 231
840 90 1771 455 3936 3149 3654 4858 3269 2216 468 1089 246 106 2547
281
748 302
2851 4605 3023 1547 1107 434 505 2479 4621 85 1621 2690 984 3792 2471 1817 3384 4089 1352 3268 3767 3209 351 918 2978 1889 4100 3668 2119
192
795 269
3094 2218 795 3562 1619 73 4712 1289 1086
193
708 344
274 4763 4545 2767 658 956 3926 2276 4900 3052 3748 3532 1279 2116 2179 2347 628 442
281
622 411
2000 2804 2144 250 4929 2039 4546 2190 680 2584 68 2893 1937 32 3099 2173 869 2024 3060 4267 4451 3795 2192 2517 4644 1635 1183 2736 3474
289
643 419
1670 3987 2990 744 1300 919 2819 2413 3174 1554 152 1117 4525 1144 182 3675 1745 163 4304 1030 2186 2132 2331 3861 2805 1838 746 4781 4496 3777 1764
302
713 461
2244 3908 3476 3834 4718 3577 4230
248
590 456
3243 4892 173 1820 3341 612 2729 4422 4255 751 2369 1744 4802 3419 3343 377 4648 2274 3407
261
562 413
2784 314 2034 4911 457 904 1688 1705 2373 951 3529 1194 3614 4470 205 2560 2066
282
528 491
2521 1982 3721 3088 1186 1700 1205 2866 2692 1588 145 1805 1291 4350 3421 3032 3146 4829 4309 998 4160 4973 4741 2259 591 4171 1227
299
511 538
3223 2993 1519 4666 425 4881 3018 2528 935 583 829 544 1260 4178 2726 3439 1106 564 3573 794 1343 1583 785 4040 3342 4771 2177 3056 4895 2901 127
291
518 590
3528 2390 3348 2985 4590 4467 786 147 3414 4577 3273 4015 315 18 3214 3294 2035 3240 3543 3391 1045 4813 1208
293
407 625
2535 3527 4443 4613 1263 415 3881 1760 669 3356 3623 4700 3265 4352 4953 4204 1698 859 3660 2957 888 3765 2118 2662 3569 672 1752
294
341 609
2926 3991 2749 3802 2829 1207 574 312 842 3208 1761 1388 1277 3371 4326 2145 2591 3904 2580
292
413 696
1855 2676 2136 3458 1644 4411 756 4598 2628 821 761 832 922 2605 1916 401 1719 4662 1413 2220 1768 1418 3154 3928 4271
296
466 676
4937 1769 2693 719 2397 758 1862 3049 2476 3051 4197 1782 1080 3842 4516 2014 4356 1521 1981 781 3375 4974 4686
290
487 727
2748 4792 161 738 4964 197 143 4332 3332 1604 484 2124 2513 386 4592 638 3994 2166 1863 3469 3010 886 1665 3873 4601 4283 909 4551
283
532 737
4921 2778 2956 4794 4691 2156 1065 2135 2401 2431 2134 570 1501 4105 3621 1861 4166 4975 1431 2137 2175 164 2340 3835 2667 525 1187 1026 3823 1525 2482 1347
300
584 771
3241 1815 4003 2304 1133 4069 3646 2997 4938 1941 1128 734 481 3871 4529 1837 4107 2856 3813 3218 3869 4323 29 341 3398 539 4130
248
556 770
3776 4192 1995 3291 3078 2705 151 4487 3315 4318 97
301
494 797
2541 3275 639 300 3261 270 1099 3572 3800 1629 325 3477 4011 678
283
500 667
3905 3358 160 3293 397 787 65 3198 1738 4073 2161 4565 3801 783 3165 1295
283
418 673
1776 1423 307 4734 1831 4259 4638 2303 2996 2168 1765 4765 2837 1308 4362 4962 647 1379 1774 3866 1429
299
355 760
3934 4463 929 3653 2755 4594 3025 70 448 4471 2602 1359 2660 2626 493 1966 11 3203 1073 1215 3891 1533 4873 833 621 3545 3922
297
430 756
2234 157 3519 3731 1315 2037 2716 3467 4307 1115 538 716 1879 3134 1213 4630 4229 1372 4298 4747
296
390 721
3095 749 3640 3433 1943 2711 1135 4460 1464 1699 4219 3603 2075 1560 510 1993 3085 4112 1929 2403 1864 1211 4851 2206 1254
300
331 749
1957 1883 4191 4064 3493 4508 253 4903 704 4164 3878 4012 1093 331 3055 2157 2202 3887 4005 4949 1396 1667 1664 1373 513 2496 4521 2751 701 14
291
258 777
2657 501 3083 3551 3830 527 4491 620 249 4054 4583 3338 650 52 1021 4656 2630 2023 4555 596 372 2574 4899 2457 2548 3233 4744 2964
296
284 694
2079 565 4681 2674 4642 84 1818 3622 298 800 2097 733
245
255 798
771 3949 2904 2309 71 3709 4168 1778 1832 16 2897 4355 2669 931 3546
281
313 735
4367 3390 4146 4382 2863 2468 117 3442 682 944 81 4108 1415 450 3296 207 2664 4375 2582 216
273
301 638
433 1023 1935 3537 4295 2360 622 4840 1013 3521 742 1166 124 965
300
397 659
3480 3114 3818 4798 310 3601 4055 889 4402 2272 4385 2003 3333 3650 414 3194 575 1867 2797 4730 4706
216
426 553
4244 660 2994 2578 3972 2704 2463 1034
285
523 586
3976 1214 4206 3503 1915 4743 291 3695 4436 3514 4800 4378 1622 1231 3216 4118 1167 3169 4232 3923 1412 301 1751 1571 3997 2095 610 1038 1653
270
552 502
2727 4509 4976 4606 1613 2294 2589 30 287 1005 4106 3770 3669 2417
290
577 572
2072 4031 3544 4735 3816 2559 2640 4803 963 2989 2239 3178 2682 4968 1851 1854 1453 4194 1335 1326 3907 1491 2891 3103 2814 77 4238 2974
281
645 519
3539 1053 3444 4028 1960 3942 2848 3780 4287 4961 3992 2980 1294 666 4837 4609 2522 3735 2973 2374 470 4099 995 3566
302
704 513
3423 1645 4502 1505 4083 3939 690 3448 1942 2197 3996 4152 1356 4856 3485 4315 2613
294
683 570
4971 4811 4218 3568 2420 3044 3425 4628 4519 4610 4627 2596 4612 1821 4250 1522 3560 55 2264 4290 4025 1636 1873 4441 4945 1880 1082 3047
282
699 552
3530 4469 191 4211 80 4549 268 1983 2404 559 476 739 3571 4658 4848 1406 2717 1795 3857 2515 1984 2228 258 3432 283 3024 2639 1631 4215
241
799 586
3062 1043 3860 2299 2045 3183 3376 2764 158 4923 1801 4776 2593 2143
279
751 550
3915 3369 2169 4321 2033 2544 155 873 1582 945 4153 98 2419 149 1000 3490 4066 93 4731 1102 4442 743 2355 1299 1756 3498 1922 1468 1358 1312 1324 1878
293
788 537
978 2426 930 4948 2462 3729 675 1530 1069 2903 3175 932 4078 347 4723 966 3913 3331
293
736 462
663 2353 2078 3702 4476 107 1552 3831 3427 2733 3278 1553 1527 3512 4344 2287 105 784 428 2672 392 479 4462 1495 1628 608 2006 220 1746 2504 3101 3170 1114
291
737 431
2757 1610 4076 2995 4314 3581 686 3461 1608 2624 2570 1590 1934 176 1235 406 4217
265
786 388
4877 132 3808 3424 2906 1486 862 797 581 2015 1682 1192 277 1656 4977 2107 3754 4000 1652
300
756 380
578 4935 1788 791 2566 227 864 2151 3455 3182 2255
228
796 480
4446 4180 193 3859 1563 162 1171 2440 1035 997 3313 3151
286
711 571
1160 803 2051 2638 1017 3988 453 3693 2470
268
604 609
2191 3719 46 3910 1400 819 3838 3107 4425 1327 4030 4424 986 1634 4570 3256 2289 1833 890 3042 4048 813 4908 653 2154 508 3192 3157 1518 1687 1858
287
559 662
520 1354 1078 2852 3586 4035 2064 509 3629 730 920 2922 4535 2707 2888 4797 2791 2695 2822 3755 1310 4389 1441 4812 3374 4245 4652
277
632 720
2730 3704 4303 3606 1245 320 4226 2159 4335 2315 469 1321 1953 1742 1663 3686 3901 838 4348 1392 4184 2555 1221 4234 654 2221 1691
251
665 755
2987 49 4664 4133 383 281 42 4532 4289 1008 2505 53 1538
277
596 713
3071 2847 4256 4263 376 1397 4668 2620 4894 2465 4913 3645 3452 2793 1593 1739 3420 3236 3966 4026 1681 2007 1500
270
626 660
2821 1678 1539 3952 4193 4394 603 2648 4050 4210 2391 1847 1256 2735 95 4586 584 4942
269
550 702
4807 2677 990 2400 2666 3810 3655 4339 3652 2537
289
573 614
809 3505 4960 831 1223 2936 4209 387 2461 3217 4847 1928 4930 1671 140 2407 1770 2376 1877 2568 2467
292
674 619
344 4626 827 3616 3499 120 3716 659 89 1296 855 1271 4833 767 2887 2354 3995 703 3161 3711 1028 4808 2288 2697 2224 2849 3 4636
297
674 660
642 2575 3651 3188 3980 2800 4190 175 2269 4547 1350 2201 4406 985 4558 4301 1969 4202 799 4673 2768 1958 3840 2917 296 2709 313 3981 1723 1116 3059
266
675 693
1384 933 2642 2823 3817 133 830 2952 294 2962 1684 241 1083 2641 1686 973 1557
294
725 658
4828 3895 4576 1603 3649 1814 3009 1480 2925 2432 2225 2217 1704 805 1306 1963 4213 2833 154 2753 2728 168 2453 1605 2223
291
755 670
1748 4135 3509 2043 723 4144 3955 2815 3415 4483 3406 1036 130 1692 28 3330 962 4444 4338 1303 1618 4597 3370 4115 607 2835 4757 2961 418
299
764 724
1540 3977 4560 4740 4504 2827 66 1405 4188 2788 4928 1122 523 1614 572 3967 375 1428 1849 1520 4466 1383 4299 2334 1763 4019 4347 3637
294
796 783
244 1856 1427 835 204 1784 4836 3153 1910 2635 3079 195 1355 3909 3798 4684
271
710 720
2702 4034 3658 2588 4053 1189 2128 2611 3150 2163 409 1986 2615 950 362 390 2456 3789 2834 1424 4154
293
758 748
1177 3786 3659 1824 1278
242
693 637
1766 4557 3016 3662 662 1198 614 4710 2981 664
293
572 598
26 1058 4343 3378 3903 4404 2009 4732
299
474 553
2951 3422 1947 4182 1826 3772 4879 4445 4161 330 218 3286 3880 718 353 1002 579 239 1305 2539 3138 225 1736 4438 841 4126 1466 222 1481
294
450 521
2507 4855 3082 3564 142 2335 812 24 2108 4562 4593 495 3111 2267 2542 2960 3605 4386 1238 1640 4536 2435 3254 1840 3027 1461 4796 3403 2307 2501 187
298
379 574
3002 1977 2536 1286 4698 1868 2714 3204 3322 211 2694 3663 22 2292 2001 1119 2204 598
298
357 523
1473 4189 4843 4909 261 34 732 2005 1798 4147 4072 2222 499 2977 234 1507 1649 2445 2257 1503 2830 4158 1679 4419 912 2698 2036 802 702
290
298 446
1978 2603 741 1244 3133 1066 2082 373 2321 3690 1839 763 1301 3441 3115 1524 687 1042 3890 2405 4722 3471 1609 3713 3429 3365 1157
298
272 368
3213 2595 4403 4249 4870 752 2454 1454 3885 4631 942 4361 4041 2503 3691 3473 3728 4978 1121 3531 3177 1155 2762
294
260 333
2387 849 45 2180 555 2429 775 1411 887 3301 159 1759 4690 3405 3244 3013 3263 1339
257
237 417
562 3191 4854 1727 517 4835 2085 3706 1611 2850 4947 576 3140 2880 2199 2918 2295 3041 446 609 74 3699 4062 713 2485 1869 3799 3112
298
194 457
3954 3382 1726 3536 2406 4088 2380 3454 1715 4774 4485 3017 3688 4432 4288 2510 424 3736 1110 2324 427 3694 793 411 3812 1003 4853 957 497 4865 3501 4167 82 2526 4429 3848 2178 673
292
150 428
2734 958 1360 122 747 1711 4915 3929 2090 2213 915 4559 2172 1386 3282 2366 546 4780 3730 1819 3379 1511 2864
291
100 415
4548 4479 1273 3855 318 1555 4384 2322 1901 3125 3963 248 1421 1325 519 3517 2759 1077 837 2483 254 1689 1287 1159 3747
299
2 432
3507 2385 3844 3321 777 3270 3007 2158 1241 2495 364 4707 1149 1320 3973 2838 332 4695 981 991 3317 567 2296
296
14 459
4692 223 1398 938 4791 3888 651 907 3506 1156 4129 4224 3043 3040
283
29 370
1871 2914 4243 3724 828 224 3132 722 4284 4906 2293 4203 2625 4641 969 844 3372 1900 4291 2351 1237
297
52 343
1772 485 2492 3377 881 4340 4196 2500 3938 1537 153 33 4705 4810 3886 737 4768 3385 1655 983 3681 2633 2792 1566 4852
285
50 297
67 4778 4359 798 2237 4553 2148 2438 1060 645 1362 2942 2858
273
98 380
3744 420 1032 504 4635 1674 110 87 3258 1602 3063 4346
295
161 445
1408 3759 4281 3360 3882 1274 1918 2094 4889 4274 2278 2227 1456 1783 4276 4713 3985 36
245
189 525
679 1430 1446 891 1721 3940 971 167 4759 4239 467 1031 4453 4336 600 2433 2929 637 3277 4538
301
157 511
342 257 259 3225 407 2310 1974 2219 1164 1930 4604 3579 4640 3630 3589 1434 1483 4918 4646 4943 4761 1924 3779 3847 822 554 2935 358 923 2766 1448 4102
293
87 556
507 4556 264 2663 3580 3947 3678 537 2712 2953 1914 3180 1606 4461 4534 1777 2937 4258 2760 4247 3363 269 2421 2785 2068
296
23 551
3925 816 1812 2511 3253 2756 2713 4742 4376 4544 4537 2581 265 634 2098 2317 2314 494 4125 4619 86 2215 3288 3829 2210 4898 3339 1414 895 3644 4186 4931 1084 3523 4060
286
89 526
851 1248 1055 1857 3395 217 3359 3435 4068 4059 1145 4654 506 461 243 3897 2245 2442 1410
300
123 485
4029 1109 3314 3853 4578 4440 103 343 1542 1541 3065 568 3305 3200 4878 3642 999 3147 987 201
292
78 496
4665 3053 4554 3677 2083 3689 178 4039 1860 4465 1703 2080 4940
286
30 582
2063 1463 4527 3883 892 1272 3597 3036 1283 1945 1673 111
293
144 598
1482 3279 1225 2732 4520 363 868 2529 3917 4753 3008 2629 4013 2349 4574 1019 1964 3696 460 694 854 3710 4001 631 3271 2418
292
179 654
3703 879 1785 3804 2332 388 3508 3197 3266 1056 2070 4399 1975 1672 1749 1204 2121 4081 1250 3109 3680 4222 1835 2533 2258 1874 1131 2029
296
210 608
606 4752 1014 1064 1904 4682 2810 1200 2484 3045 3364 4360 293 3898 2260 2162
287
233 710
4407 2527 3143 402 56 2774 1956 3592 1120 3120 492 2103 3900 2019 3965 2326 3740 2592 2612 2140 1318 267 1462 3224 2752 189 378
291
218 773
3148 3701 3827 2855 533 100 619 369 2350 354 1457 2270 2842 3048 3190 3567 1158 3195
261
253 680
1206 3108 2399 3775 4506 550 4415 4320 4967 2739 1126 4905 4400 641 1485 2655 4857 2297 4065 324 4228 1586 4564 1242 2573 1142 2688
296
287 611
3673 3417 1181 1988 856 321 4103 4580 63 2686 2388 395 2346 1445 2214 1576 2458 3707 1316 4150
297
263 654
4324 2782 597 4846 1617 2042 2395 2243 3725 1626 1725 2865 1165 4944 4417
300
147 660
2212 260 4884 3541 1786 2992 4826 4699 1592 4842 2983 521 473 3352 4357 92 3361 2546 4885 2338 1281 1646 2561 3386 1709 503 1367 2794 2443 2153 1690 2565
297
166 701
1959 1781 4195 3687 1184 4512 3679 1516 3353 924 4275 2133 3302 2761 897 1601 4874 1409 1103 352
298
94 671
4074 3340 3487 3475 3843 4061 4014 4328 247 2647 237 4042 2074 4294 2718 3220 1465 1152 2430 3513 4478 4331
283
82 618
2232 1827 252 334 1911 2789 1193 1004 4082 1919 4008 1876 898 801 748 3164 2425 3576 1472 820 2323 848 4607
284
3 607
3483 2916 1994 1912 2879 4049 4841 823 1939 4697 3323 3809 980 1990 2656 3518 3760 1251 1509 4966 2233
294
32 718
1097 3215 4333 2931 1587 2087 755 1620 2832 226 850 1182 2659 811 2806 1881 3750 1136 3408 459 3173 3635 667 1979 4018 4936 441
298
26 782
1074 3117 1404 4134 3118 2811 232 699 4121 4755 1319 2959 1735 952 2949 3753 8 1340 689
297
83 734
1012 2562 4157 338 3005 1830 4475 487 4456 104 4941 2708 1755 3727 1630 2645 698 3864 1199 671 2130 3006 1395 656 2044 3609
290
131 770
2165 3851 3583 2689 3557 1548 558 3794 3587 2939 3168 880 2915 3927 1470 4643 2361 906 4488 1210 696
268
149 748
102 1297 1492 4719 1475 2845 1147 3607 4096 2356 4086 4845 1722 4489 4024 4932 4616
239
106 726
4651 668 4704 1870 4098 2325 3440
234
39 633
2604 4622 4671 4494 4181 1683 684 1804 2319 3201 3235 2226 271 3129 3226 3110 4603 289
294
167 673
2913 1931 1216 3050 432 4880 2271 125 3945
270
159 565
2416 3697 2871 4552 2093 927 866 1228 2551 982 134 1422 937 3911 4063 2979 860
294
193 490
4620 894 1526 1443 3068 4821 903 1402 1417 4056 4511 3074 2065 1111 2737 4728 279 3264 4674 736 3504 548 3875 776
300
229 478
2027 4927 1442 4369 2205 464 273 3841 3884 1450 188 276 1437 3982 4117
294
199 376
2185 725 123 2300 4481 4724 1001 4313 2583 3593 2723 2076 121 617 516 1018 2077 2831 1502 4823 4787 3127 2661 3863 2725 1902 1701
272
150 357
4300 2052 3280 590 4510 1246 3556 2900 4170 4395 4526 806 3832 3431 2681 1439 1697 1737 337 3971 4602 4667 914 4952 1806
296
112 355
626 3319 1230 967 2892 3066 644 326 2246 3020 3426 1313 3320 1269 1366 4531 1773 2104 1948 454 893 4 3769
262
171 329
2607 1087 1882 1694 483 2114 208 3449 54 3185 2328 348 1648 3814 2556 4459 1968 393 38 2963 3892 4120 3611 3463 2474 3453 989 1895 2984 1049 1302 3262
301
235 285
1196 1584 2449 2608 3664 3685 4431 4772 2610 2012 4124 4750 2357 588 4373 474 2870 3479 1750 4409 39 4617
300
221 217
3552 4246 3919 726 1104 2290 141 4237 4663 1905 3436 874 3591 4009 4720 1346 194 2665 4251 1559 1329 4139 2525 4366 1070 1898 2428
286
248 254
2817 4916 2825 3876 1185 4687 4458 2649 1178 4924 4175
183
184 375
3578 2099 1545 380 438
300
265 449
4038 3077 1792 1517 4235 4727 2585 1348 1020 2336 3255
287
357 532
4766 119 2402 1865 4647 4816 329 1476 4132 4174 3289 498 3773 1493 4079 2055 4285 183 3807 171 826 1440 1255 458 128 3683 112
264
253 529
3674 729 4381 1556 2867 3902 3930 4292 2509 1825 2256 4173 3412 240 3671 2571 3893 4372 3715 196 4524 3137 4839 3743 3034
290
272 514
322 2263 426 1234 4137 4327 2861 3856 2724 4297 3639 4269 4020 4782 1565 2905 2675 2680
274
340 542
1309 988 78 3984 2621 2920 543
254
495 494
3389 3559 3738 2600 629 979 139 317 2311 2252 1123
279
518 402
530 1025 3451 1285 2105 1836 2966 3833 1932 3030 180 2543 4387 4427 834 1088 3933 2150 48 3494 389 1432 4033 2772 2836 3600
87
546 397
3284 582 4716 3515
299
382 373
3163 410 3087 2623 1054 3196 3411 2164 2557 1220 1268 2885 4868 1568 1810 3368 1829 1797 2389 4891 4679 3617 2780 745 569
266
301 363
350 2059 2919 3158 1262 2895 416 2475 3723 4507 3520 403 2448 1551
296
351 292
4110 4057 4052 1180 323 2016 1848 865 290 2281 3682 1364 2715 3418 1072 4589 1029
292
422 261
571 20 3584 913 3526 4876 2110 1650 4587 818 3166 1179 4824 3993 2644 229 1528 3749 199 231 170 2982 2947 3524 551 2520 3306 961 3948
296
454 279
2141 4505 2970 2330 3956 4388 1375 4004 165 1293 255 3396 4006 2563 3575 1807 2743 2685 2365 2828 3404 2857 4036 636
255
483 257
1040 4650 2508 1249 4138 3978 2466 1420 586 4680 2344 64 423 1484 2434 3720 526 2193 4370 2415 1796 1024 209
201
448 302
4514 3252 2742 1407 1567 2318 774 640
517
499 206
1729 4379 4497 3206 1331 3534 3815 3836 2312 773 1965 2632
384
547 92
3771 1790 4094 3464 421 72 4468 976 1546 4693 3522 1317 4084 2183 2498
