8
700
453
216 710
33 6 25 24 27 19 29 11 16 173 189 174 177 187 199 169 171 178 196 190 186 168 185 176 184 172 192 200 188 2 23 13 18 28
285
218 446
81 99 89 71 90 84 87 76 98 73 83 86 101
684
454 278
46 62 67 47 45 64 48 57 66 41 109
322
764 244
37 35 42 49 40 38 53 58 39 68 55 51 52 61 44 60 36 59 50 43 63 56 65 54
728
407 272
123 133 118 120 102 125 126 110 116 104 128 105 127 121 130 124 114 117 132 129 103 134 111 107 113 122 112 108 131 106 115 119
421
459 469
159 158 156 167 141 138 152 150 162 146 144 135 153 143 164 142 155 161 136 147 145 140 157 148 160 163 137 151 149 139 154 166 165
679
256 351
82 78 92 94 97 95 74 100 77 79 197 183 191 182 170 180 181 193 85 91 75 80 72 69 88 96 93 70
417
209 610
195 4 10 3 8 7 32 21 1 26 31 22 34 14 15 20 17 9 12 30 5 179 175 194 198
