45
100
40
216 710
1 26 22
125
212 680
12 27 19 29 23 2 5 30
18
175 677
24
95
187 634
173 174 189 178 199 171 169 187 177
21
198 586
184
37
196 545
197 183
2
218 446
79
102
216 394
91 80 75 72 101 85
97
255 390
86 83 98 78 99 71 81 90 84 87 76 73
56
269 350
89
2
386 294
123
61
428 281
126 106 110 102 125
81
485 288
120 109
87
678 252
41 62 67
78
726 221
61 66 44 47 60
95
752 253
48 45 64 37 35 42 49 40 38
101
766 265
53 57 52 51 55
78
733 284
68 39 58
2
694 307
46
93
731 216
50 59 36 65 54 56 63 43
112
407 272
104 116 128 130 127 105
126
421 230
114 124 117 132 107 113 122 112 108 131
78
455 232
111 103 134
2
444 181
129
2
380 224
121
100
429 315
133 118 115 119
2
459 469
159
121
425 508
141 167 156 158 135 153 144
25
470 496
143 164
35
527 492
149 151
99
481 514
155 161 136 147 145 140 157 146
100
456 515
138 152 162 150
110
496 515
139 166 154 142 163 148 160 137
2
494 477
165
75
256 351
82 70 88 69 96 93
64
265 383
92 94 97 74 100 95
2
255 414
77
108
194 575
196 190 176 191 193 181 180 170 182
77
189 602
192 172 186 168
2
238 579
185
92
207 653
179 175 16 11 188 200 198 194
28
239 627
195 4
113
217 682
33 13 18 28 10 8 3 6 9
118
178 697
31 25 17 20 15 14 34
38
240 715
21 7 32
