4
1400
1084
216 710
185 198 194 179 175 5 30 12 24 27 19 29 11 16 173 189 174 177 187 169 171 199 196 190 184 176 183 79 85 101 86 83 73 76 87 78 71 99 89
1123
485 288
120 109 46 51 52 55 68 39 58 53 38 40 49 42 35 37 64 45 48 57 66 61 44 47 60 54 56 63 43 65 50 59 36 67 62 41 134 111 132 117 114 124 130 127 105 118 128 131 113 122 112
1340
444 181
123 129 103 107 108 125 102 110 106 126 115 165 151 149 139 166 154 164 143 135 144 153 155 142 163 137 160 148 161 136 147 145 140 157 146 162 150 152 138 141 167 156 158 159 119 133 116 104 121
1215
256 351
98 84 90 81 82 70 93 96 88 69 72 80 91 75 197 191 182 170 193 181 180 178 200 188 2 23 18 13 33 6 9 25 31 17 20 15 14 34 22 26 1 21 32 7 8 3 28 10 4 195 172 192 186 168 77 100 74 95 97 94 92
