57
300
251
273 606
1 105 385 33 384 396 390 137 370 380 381 382 399 371 369 372 94 392 368 386
267
136 589
164 115 83 198 82
127
74 618
90 91 20
109
181 565
393 391 376 80 397 383
212
225 463
275 280 291 286 283 273 301 285
284
258 352
269 272 129 87 293
280
77 362
185 54 38
222
154 217
55 107 39 123 138
132
249 124
63 146 37 108
270
71 174
45 77 12 41 158 31
31
92 87
156 169
341
30 387
195 160 131 116 16
359
223 374
278 284 287 298 276 296 288 270 161 282 281 62 289 299 271 290 274 295 294 297 292
282
297 389
300 11 104 124 13 88 8 125
181
332 494
97
328
372 626
89 166 30 69 67 92 9
255
501 589
23 29 143 360 348 112 337 349 339 354 366 364 342 361 355 347 171 346 154
245
478 518
363 353 343 356 367 335 344 341 338 352 350 362 72 120 357 345 340 336
139
463 470
358 359 101 122
136
546 458
194
267
673 384
7 179 182 71 170 28
308
678 532
119 121 44 26 151 3
164
752 416
191 36 163 128
263
655 334
167 199 246 175 268 255 239 258 188
233
720 269
27 251 252 261 245 244 247 265 237 235 264 242 249 240 238 253 248 257 266
323
757 218
250 259 236 260 254 256 263 243 43 19
262
703 225
267 262 241 61 65 56 74 48
284
565 243
21 50 5 24 178 309
249
503 371
100 142 320 84 157
257
457 283
302 325 59 308 322 313 307 329 303 334 311 312 34
245
427 254
331 314 324 330 327 305 304 126 197 189 323 15 316 328 95
287
383 219
321 99 326 333 319 315 306 310 332 317
2
413 287
318
229
557 199
93 144 149 130 117 132
224
501 120
173 60 150 186 118 64
293
399 22
200 32 18 58
2
350 117
159
265
597 106
184 133
2
766 6
22
2
551 6
35
2
621 301
66
349
492 434
365 145 177 140 147 114 351 168 109
288
518 599
86 17 187 6 162 25 76 196
253
409 703
68 75 85 103 42 155 165 102
279
621 616
2 180 79
237
572 759
46 153 111 47
283
685 656
4 139 172 174
214
668 778
40 52 81
194
466 676
134 152 127
286
399 551
106 51 110 98
471
259 409
78 14 279 277 70
271
186 603
387 378 136 377 373 389 374 192 216 205 211 230 202 190 375 379 388 394 395 398 400
228
247 641
204 223 209 206 225 231 234 222 226 201 233 228 213 218
263
179 740
135 217 220 215 214 49
280
59 768
10 113 96 141
271
218 683
210 203 53 181 193 176 148 73 232 221 207 208
186
236 669
183 212 224 227 219 229 57
